2016postVFP_UL      -5.191  -3.139  1.0219      1.0672      1.1125
2016postVFP_UL      -3.139  -2.964  1.1283      1.1599      1.1914
2016postVFP_UL      -2.964  -2.853  1.0654      1.1662      1.267
2016postVFP_UL      -2.853  -2.65   1.0015      1.2011      1.4007
2016postVFP_UL      -2.65   -2.5    1.0693      1.1365      1.2036
2016postVFP_UL      -2.5    -2.322  0.9983      1.0471      1.0959
2016postVFP_UL      -2.322  -2.043  0.9875      1.0352      1.0828
2016postVFP_UL      -2.043  -1.93   1.0326      1.067       1.1013
2016postVFP_UL      -1.93   -1.74   0.9914      1.0452      1.0989
2016postVFP_UL      -1.74   -1.305  1.0379      1.0761      1.1143
2016postVFP_UL      -1.305  -1.131  0.9948      1.0881      1.1815
2016postVFP_UL      -1.131  -0.783  1.0733      1.1         1.1268
2016postVFP_UL      -0.783  -0.522  1.0911      1.1228      1.1544
2016postVFP_UL      -0.522  -0.0    1.0861      1.0993      1.1125
2016postVFP_UL      -0.0    0.522   1.0861      1.0993      1.1125
2016postVFP_UL      0.522   0.783   1.0911      1.1228      1.1544
2016postVFP_UL      0.783   1.131   1.0733      1.1         1.1268
2016postVFP_UL      1.131   1.305   0.9948      1.0881      1.1815
2016postVFP_UL      1.305   1.74    1.0379      1.0761      1.1143
2016postVFP_UL      1.74    1.93    0.9914      1.0452      1.0989
2016postVFP_UL      1.93    2.043   1.0326      1.067       1.1013
2016postVFP_UL      2.043   2.322   0.9875      1.0352      1.0828
2016postVFP_UL      2.322   2.5     0.9983      1.0471      1.0959
2016postVFP_UL      2.5     2.65    1.0693      1.1365      1.2036
2016postVFP_UL      2.65    2.853   1.0015      1.2011      1.4007
2016postVFP_UL      2.853   2.964   1.0654      1.1662      1.267
2016postVFP_UL      2.964   3.139   1.1283      1.1599      1.1914
2016postVFP_UL      3.139   5.191   1.0219      1.0672      1.1125
2016preVFP_UL       -5.191  -3.139  0.9605      1.0063      1.0521
2016preVFP_UL       -3.139  -2.964  1.1676      1.2023      1.2371
2016preVFP_UL       -2.964  -2.853  1.0931      1.1994      1.3057
2016preVFP_UL       -2.853  -2.65   1.095       1.1637      1.2324
2016preVFP_UL       -2.65   -2.5    1.0159      1.1146      1.2133
2016preVFP_UL       -2.5    -2.322  0.9592      1.0084      1.0575
2016preVFP_UL       -2.322  -2.043  0.982       1.0213      1.0606
2016preVFP_UL       -2.043  -1.93   0.9678      0.9889      1.01
2016preVFP_UL       -1.93   -1.74   0.9906      1.0155      1.0404
2016preVFP_UL       -1.74   -1.305  1.0216      1.0556      1.0896
2016preVFP_UL       -1.305  -1.131  1.0337      1.0684      1.1032
2016preVFP_UL       -1.131  -0.783  1.0618      1.0833      1.1048
2016preVFP_UL       -0.783  -0.522  1.0908      1.1084      1.1259
2016preVFP_UL       -0.522  -0.0    1.0683      1.091       1.1137
2016preVFP_UL       -0.0    0.522   1.0683      1.091       1.1137
2016preVFP_UL       0.522   0.783   1.0908      1.1084      1.1259
2016preVFP_UL       0.783   1.131   1.0618      1.0833      1.1048
2016preVFP_UL       1.131   1.305   1.0337      1.0684      1.1032
2016preVFP_UL       1.305   1.74    1.0216      1.0556      1.0896
2016preVFP_UL       1.74    1.93    0.9906      1.0155      1.0404
2016preVFP_UL       1.93    2.043   0.9678      0.9889      1.01
2016preVFP_UL       2.043   2.322   0.982       1.0213      1.0606
2016preVFP_UL       2.322   2.5     0.9592      1.0084      1.0575
2016preVFP_UL       2.5     2.65    1.0159      1.1146      1.2133
2016preVFP_UL       2.65    2.853   1.095       1.1637      1.2324
2016preVFP_UL       2.853   2.964   1.0931      1.1994      1.3057
2016preVFP_UL       2.964   3.139   1.1676      1.2023      1.2371
2016preVFP_UL       3.139   5.191   0.9605      1.0063      1.0521
2017_UL             -5.191  -3.139  0.971       1.0378      1.1046
2017_UL             -3.139  -2.964  1.2132      1.2679      1.3226
2017_UL             -2.964  -2.853  1.1798      1.4113      1.6427
2017_UL             -2.853  -2.65   1.2174      1.3141      1.4107
2017_UL             -2.65   -2.5    0.9478      1.0792      1.2105
2017_UL             -2.5    -2.322  1.104       1.1952      1.2863
2017_UL             -2.322  -2.043  1.0299      1.117       1.2041
2017_UL             -2.043  -1.93   0.97        1.0489      1.1277
2017_UL             -1.93   -1.74   0.9825      1.0637      1.145
2017_UL             -1.74   -1.305  1.143       1.2116      1.2801
2017_UL             -1.305  -1.131  1.0735      1.1352      1.197
2017_UL             -1.131  -0.783  1.0669      1.0916      1.1163
2017_UL             -0.783  -0.522  1.1033      1.1285      1.1538
2017_UL             -0.522  -0.0    1.0519      1.1082      1.1644
2017_UL             -0.0    0.522   1.0519      1.1082      1.1644
2017_UL             0.522   0.783   1.1033      1.1285      1.1538
2017_UL             0.783   1.131   1.0669      1.0916      1.1163
2017_UL             1.131   1.305   1.0735      1.1352      1.197
2017_UL             1.305   1.74    1.143       1.2116      1.2801
2017_UL             1.74    1.93    0.9825      1.0637      1.145
2017_UL             1.93    2.043   0.97        1.0489      1.1277
2017_UL             2.043   2.322   1.0299      1.117       1.2041
2017_UL             2.322   2.5     1.104       1.1952      1.2863
2017_UL             2.5     2.65    0.9478      1.0792      1.2105
2017_UL             2.65    2.853   1.2174      1.3141      1.4107
2017_UL             2.853   2.964   1.1798      1.4113      1.6427
2017_UL             2.964   3.139   1.2132      1.2679      1.3226
2017_UL             3.139   5.191   0.971       1.0378      1.1046
2018_UL             -5.191  -3.139  0.8792      1.0367      1.1942
2018_UL             -3.139  -2.964  1.2063      1.267       1.3278
2018_UL             -2.964  -2.853  1.2347      1.3851      1.5354
2018_UL             -2.853  -2.65   1.2187      1.2919      1.365
2018_UL             -2.65   -2.5    1.1041      1.1911      1.278
2018_UL             -2.5    -2.322  1.0741      1.136       1.1979
2018_UL             -2.322  -2.043  1.0393      1.1479      1.2564
2018_UL             -2.043  -1.93   1.0976      1.1423      1.187
2018_UL             -1.93   -1.74   1.1074      1.1628      1.2182
2018_UL             -1.74   -1.305  1.1449      1.159       1.1732
2018_UL             -1.305  -1.131  1.0617      1.1304      1.1992
2018_UL             -1.131  -0.783  1.1118      1.1481      1.1844
2018_UL             -0.783  -0.522  1.1191      1.1538      1.1885
2018_UL             -0.522  -0.0    1.1332      1.1436      1.1541
2018_UL             -0.0    0.522   1.1332      1.1436      1.1541
2018_UL             0.522   0.783   1.1191      1.1538      1.1885
2018_UL             0.783   1.131   1.1118      1.1481      1.1844
2018_UL             1.131   1.305   1.0617      1.1304      1.1992
2018_UL             1.305   1.74    1.1449      1.159       1.1732
2018_UL             1.74    1.93    1.1074      1.1628      1.2182
2018_UL             1.93    2.043   1.0976      1.1423      1.187
2018_UL             2.043   2.322   1.0393      1.1479      1.2564
2018_UL             2.322   2.5     1.0741      1.136       1.1979
2018_UL             2.5     2.65    1.1041      1.1911      1.278
2018_UL             2.65    2.853   1.2187      1.2919      1.365
2018_UL             2.853   2.964   1.2347      1.3851      1.5354
2018_UL             2.964   3.139   1.2063      1.267       1.3278
2018_UL             3.139   5.191   0.8792      1.0367      1.1942
