2016postVFP_UL      0       2.5     20.0    30.0    0       0.726181    0.863539    1.000897
2016postVFP_UL      0       2.5     30.0    50.0    0       0.615162    0.732491    0.849819
2016postVFP_UL      0       2.5     50.0    70.0    0       0.562116    0.670459    0.778803
2016postVFP_UL      0       2.5     70.0    100.0   0       0.540418    0.645865    0.751311
2016postVFP_UL      0       2.5     100.0   140.0   0       0.537313    0.643798    0.750282
2016postVFP_UL      0       2.5     140.0   200.0   0       0.55144     0.662829    0.774218
2016postVFP_UL      0       2.5     200.0   300.0   0       0.587325    0.708739    0.830153
2016postVFP_UL      0       2.5     300.0   600.0   0       0.684424    0.828774    0.973124
2016postVFP_UL      0       2.5     600.0   1000.0  0       0.822333    0.98015     1.137967
2016postVFP_UL      0       2.5     20.0    30.0    5       0.938254    0.974026    1.009799
2016postVFP_UL      0       2.5     30.0    50.0    5       0.964545    0.975766    0.986988
2016postVFP_UL      0       2.5     50.0    70.0    5       0.965211    0.976328    0.987445
2016postVFP_UL      0       2.5     70.0    100.0   5       0.964544    0.975636    0.986727
2016postVFP_UL      0       2.5     100.0   140.0   5       0.962523    0.973458    0.984394
2016postVFP_UL      0       2.5     140.0   200.0   5       0.957555    0.969345    0.981136
2016postVFP_UL      0       2.5     200.0   300.0   5       0.935787    0.962068    0.988348
2016postVFP_UL      0       2.5     300.0   600.0   5       0.907415    0.944348    0.981281
2016postVFP_UL      0       2.5     600.0   1000.0  5       0.808286    0.917817    1.027348
2016postVFP_UL      0       2.5     20.0    30.0    4       0.866709    0.974026    1.081344
2016postVFP_UL      0       2.5     30.0    50.0    4       0.942102    0.975766    1.009431
2016postVFP_UL      0       2.5     50.0    70.0    4       0.942977    0.976328    1.009678
2016postVFP_UL      0       2.5     70.0    100.0   4       0.942362    0.975636    1.00891
2016postVFP_UL      0       2.5     100.0   140.0   4       0.940651    0.973458    1.006266
2016postVFP_UL      0       2.5     140.0   200.0   4       0.933974    0.969345    1.004716
2016postVFP_UL      0       2.5     200.0   300.0   4       0.883226    0.962068    1.040909
2016postVFP_UL      0       2.5     300.0   600.0   4       0.833548    0.944348    1.055148
2016postVFP_UL      0       2.5     600.0   1000.0  4       0.589225    0.917817    1.24641
2016preVFP_UL       0       2.5     20.0    30.0    0       1.263607    1.441501    1.619394
2016preVFP_UL       0       2.5     30.0    50.0    0       1.230682    1.408412    1.586142
2016preVFP_UL       0       2.5     50.0    70.0    0       1.212099    1.392767    1.573434
2016preVFP_UL       0       2.5     70.0    100.0   0       1.201099    1.386676    1.572254
2016preVFP_UL       0       2.5     100.0   140.0   0       1.193772    1.386542    1.579312
2016preVFP_UL       0       2.5     140.0   200.0   0       1.19001     1.39237     1.59473
2016preVFP_UL       0       2.5     200.0   300.0   0       1.191987    1.406768    1.621548
2016preVFP_UL       0       2.5     300.0   600.0   0       1.223825    1.45043     1.677035
2016preVFP_UL       0       2.5     600.0   1000.0  0       1.362691    1.533859    1.705028
2016preVFP_UL       0       2.5     20.0    30.0    5       0.971613    0.99732     1.023027
2016preVFP_UL       0       2.5     30.0    50.0    5       0.983825    0.996085    1.008346
2016preVFP_UL       0       2.5     50.0    70.0    5       0.981699    0.994435    1.007171
2016preVFP_UL       0       2.5     70.0    100.0   5       0.97939     0.992364    1.005338
2016preVFP_UL       0       2.5     100.0   140.0   5       0.978027    0.989451    1.000875
2016preVFP_UL       0       2.5     140.0   200.0   5       0.973715    0.985262    0.996808
2016preVFP_UL       0       2.5     200.0   300.0   5       0.952833    0.978488    1.004143
2016preVFP_UL       0       2.5     300.0   600.0   5       0.903182    0.961164    1.019146
2016preVFP_UL       0       2.5     600.0   1000.0  5       0.811872    0.929437    1.047002
2016preVFP_UL       0       2.5     20.0    30.0    4       0.920199    0.99732     1.074441
2016preVFP_UL       0       2.5     30.0    50.0    4       0.959303    0.996085    1.032867
2016preVFP_UL       0       2.5     50.0    70.0    4       0.956226    0.994435    1.032644
2016preVFP_UL       0       2.5     70.0    100.0   4       0.953442    0.992364    1.031286
2016preVFP_UL       0       2.5     100.0   140.0   4       0.955179    0.989451    1.023724
2016preVFP_UL       0       2.5     140.0   200.0   4       0.950623    0.985262    1.0199
2016preVFP_UL       0       2.5     200.0   300.0   4       0.901524    0.978488    1.055452
2016preVFP_UL       0       2.5     300.0   600.0   4       0.787218    0.961164    1.13511
2016preVFP_UL       0       2.5     600.0   1000.0  4       0.576741    0.929437    1.282133
2017_UL             0       2.5     20.0    30.0    0       1.097915    1.253307    1.4087
2017_UL             0       2.5     30.0    50.0    0       1.109246    1.271269    1.433293
2017_UL             0       2.5     50.0    70.0    0       1.103825    1.271477    1.439128
2017_UL             0       2.5     70.0    100.0   0       1.088233    1.261017    1.433801
2017_UL             0       2.5     100.0   140.0   0       1.06243     1.24059     1.418749
2017_UL             0       2.5     140.0   200.0   0       1.025579    1.209019    1.392459
2017_UL             0       2.5     200.0   300.0   0       0.973337    1.160867    1.348396
2017_UL             0       2.5     300.0   600.0   0       0.889067    1.069887    1.250707
2017_UL             0       2.5     600.0   1000.0  0       0.901322    1.028173    1.155024
2017_UL             0       2.5     20.0    30.0    5       0.919344    0.951968    0.984592
2017_UL             0       2.5     30.0    50.0    5       0.945925    0.956326    0.966727
2017_UL             0       2.5     50.0    70.0    5       0.945341    0.960845    0.976349
2017_UL             0       2.5     70.0    100.0   5       0.950387    0.965254    0.980121
2017_UL             0       2.5     100.0   140.0   5       0.957889    0.97005     0.98221
2017_UL             0       2.5     140.0   200.0   5       0.962074    0.975274    0.988474
2017_UL             0       2.5     200.0   300.0   5       0.899124    0.981431    1.063739
2017_UL             0       2.5     300.0   600.0   5       0.929826    0.991398    1.052971
2017_UL             0       2.5     600.0   1000.0  5       0.922612    1.001618    1.080623
2017_UL             0       2.5     20.0    30.0    4       0.854097    0.951968    1.04984
2017_UL             0       2.5     30.0    50.0    4       0.925122    0.956326    0.987529
2017_UL             0       2.5     50.0    70.0    4       0.914334    0.960845    1.007356
2017_UL             0       2.5     70.0    100.0   4       0.920653    0.965254    1.009855
2017_UL             0       2.5     100.0   140.0   4       0.933568    0.97005     1.006532
2017_UL             0       2.5     140.0   200.0   4       0.935674    0.975274    1.014873
2017_UL             0       2.5     200.0   300.0   4       0.734509    0.981431    1.228353
2017_UL             0       2.5     300.0   600.0   4       0.80668     0.991398    1.176116
2017_UL             0       2.5     600.0   1000.0  4       0.7646      1.001618    1.238635
2018_UL             0       2.5     20.0    30.0    0       1.170606    1.361528    1.552449
2018_UL             0       2.5     30.0    50.0    0       1.180088    1.377048    1.574009
2018_UL             0       2.5     50.0    70.0    0       1.173155    1.374662    1.57617
2018_UL             0       2.5     70.0    100.0   0       1.156192    1.361407    1.566622
2018_UL             0       2.5     100.0   140.0   0       1.12892     1.33758     1.54624
2018_UL             0       2.5     140.0   200.0   0       1.090543    1.301983    1.513423
2018_UL             0       2.5     200.0   300.0   0       1.036974    1.249237    1.461499
2018_UL             0       2.5     300.0   600.0   0       0.955117    1.156349    1.357581
2018_UL             0       2.5     600.0   1000.0  0       0.994278    1.143846    1.293413
2018_UL             0       2.5     20.0    30.0    5       0.910183    0.937524    0.964864
2018_UL             0       2.5     30.0    50.0    5       0.94015     0.949692    0.959233
2018_UL             0       2.5     50.0    70.0    5       0.951368    0.959112    0.966855
2018_UL             0       2.5     70.0    100.0   5       0.957885    0.965109    0.972333
2018_UL             0       2.5     100.0   140.0   5       0.95996     0.967966    0.975971
2018_UL             0       2.5     140.0   200.0   5       0.9581      0.966593    0.975086
2018_UL             0       2.5     200.0   300.0   5       0.934409    0.958719    0.98303
2018_UL             0       2.5     300.0   600.0   5       0.896582    0.930683    0.964784
2018_UL             0       2.5     600.0   1000.0  5       0.815099    0.880405    0.945711
2018_UL             0       2.5     20.0    30.0    4       0.855502    0.937524    1.019545
2018_UL             0       2.5     30.0    50.0    4       0.921068    0.949692    0.978315
2018_UL             0       2.5     50.0    70.0    4       0.935882    0.959112    0.982342
2018_UL             0       2.5     70.0    100.0   4       0.943438    0.965109    0.98678
2018_UL             0       2.5     100.0   140.0   4       0.94395     0.967966    0.991981
2018_UL             0       2.5     140.0   200.0   4       0.941115    0.966593    0.992071
2018_UL             0       2.5     200.0   300.0   4       0.885788    0.958719    1.031651
2018_UL             0       2.5     300.0   600.0   4       0.828379    0.930683    1.032986
2018_UL             0       2.5     600.0   1000.0  4       0.684487    0.880405    1.076323
