2016postVFP_UL      0.0     0.8     20.0    30.0    0       0.726181    0.863539    1.000897
2016postVFP_UL      0.0     0.8     30.0    50.0    0       0.615162    0.732491    0.849819
2016postVFP_UL      0.0     0.8     50.0    70.0    0       0.562116    0.670459    0.778803
2016postVFP_UL      0.0     0.8     70.0    100.0   0       0.540418    0.645865    0.751311
2016postVFP_UL      0.0     0.8     100.0   140.0   0       0.537313    0.643798    0.750282
2016postVFP_UL      0.0     0.8     140.0   200.0   0       0.55144     0.662829    0.774218
2016postVFP_UL      0.0     0.8     200.0   300.0   0       0.587325    0.708739    0.830153
2016postVFP_UL      0.0     0.8     300.0   600.0   0       0.684424    0.828774    0.973124
2016postVFP_UL      0.0     0.8     600.0   1000.0  0       0.822333    0.98015     1.137967
2016postVFP_UL      0.8     1.6     20.0    30.0    0       0.726181    0.863539    1.000897
2016postVFP_UL      0.8     1.6     30.0    50.0    0       0.615162    0.732491    0.849819
2016postVFP_UL      0.8     1.6     50.0    70.0    0       0.562116    0.670459    0.778803
2016postVFP_UL      0.8     1.6     70.0    100.0   0       0.540418    0.645865    0.751311
2016postVFP_UL      0.8     1.6     100.0   140.0   0       0.537313    0.643798    0.750282
2016postVFP_UL      0.8     1.6     140.0   200.0   0       0.55144     0.662829    0.774218
2016postVFP_UL      0.8     1.6     200.0   300.0   0       0.587325    0.708739    0.830153
2016postVFP_UL      0.8     1.6     300.0   600.0   0       0.684424    0.828774    0.973124
2016postVFP_UL      0.8     1.6     600.0   1000.0  0       0.822333    0.98015     1.137967
2016postVFP_UL      1.6     2.5     20.0    30.0    0       0.726181    0.863539    1.000897
2016postVFP_UL      1.6     2.5     30.0    50.0    0       0.615162    0.732491    0.849819
2016postVFP_UL      1.6     2.5     50.0    70.0    0       0.562116    0.670459    0.778803
2016postVFP_UL      1.6     2.5     70.0    100.0   0       0.540418    0.645865    0.751311
2016postVFP_UL      1.6     2.5     100.0   140.0   0       0.537313    0.643798    0.750282
2016postVFP_UL      1.6     2.5     140.0   200.0   0       0.55144     0.662829    0.774218
2016postVFP_UL      1.6     2.5     200.0   300.0   0       0.587325    0.708739    0.830153
2016postVFP_UL      1.6     2.5     300.0   600.0   0       0.684424    0.828774    0.973124
2016postVFP_UL      1.6     2.5     600.0   1000.0  0       0.822333    0.98015     1.137967
2016postVFP_UL      0.0     0.8     20.0    30.0    5       0.946724    0.984124    1.021525
2016postVFP_UL      0.0     0.8     30.0    50.0    5       0.968262    0.982111    0.995959
2016postVFP_UL      0.0     0.8     50.0    70.0    5       0.964057    0.979799    0.995542
2016postVFP_UL      0.0     0.8     70.0    100.0   5       0.953122    0.977322    1.001521
2016postVFP_UL      0.0     0.8     100.0   140.0   5       0.940164    0.974371    1.008578
2016postVFP_UL      0.0     0.8     140.0   200.0   5       0.902375    0.970844    1.039312
2016postVFP_UL      0.0     0.8     200.0   300.0   5       0.898674    0.96625     1.033827
2016postVFP_UL      0.0     0.8     300.0   600.0   5       0.917706    0.957749    0.997792
2016postVFP_UL      0.0     0.8     600.0   1000.0  5       0.83431     0.947531    1.060751
2016postVFP_UL      0.8     1.6     20.0    30.0    5       0.946724    0.984124    1.021525
2016postVFP_UL      0.8     1.6     30.0    50.0    5       0.968262    0.982111    0.995959
2016postVFP_UL      0.8     1.6     50.0    70.0    5       0.964057    0.979799    0.995542
2016postVFP_UL      0.8     1.6     70.0    100.0   5       0.953122    0.977322    1.001521
2016postVFP_UL      0.8     1.6     100.0   140.0   5       0.940164    0.974371    1.008578
2016postVFP_UL      0.8     1.6     140.0   200.0   5       0.902375    0.970844    1.039312
2016postVFP_UL      0.8     1.6     200.0   300.0   5       0.898674    0.96625     1.033827
2016postVFP_UL      0.8     1.6     300.0   600.0   5       0.917706    0.957749    0.997792
2016postVFP_UL      0.8     1.6     600.0   1000.0  5       0.83431     0.947531    1.060751
2016postVFP_UL      1.6     2.5     20.0    30.0    5       0.946724    0.984124    1.021525
2016postVFP_UL      1.6     2.5     30.0    50.0    5       0.968262    0.982111    0.995959
2016postVFP_UL      1.6     2.5     50.0    70.0    5       0.964057    0.979799    0.995542
2016postVFP_UL      1.6     2.5     70.0    100.0   5       0.953122    0.977322    1.001521
2016postVFP_UL      1.6     2.5     100.0   140.0   5       0.940164    0.974371    1.008578
2016postVFP_UL      1.6     2.5     140.0   200.0   5       0.902375    0.970844    1.039312
2016postVFP_UL      1.6     2.5     200.0   300.0   5       0.898674    0.96625     1.033827
2016postVFP_UL      1.6     2.5     300.0   600.0   5       0.917706    0.957749    0.997792
2016postVFP_UL      1.6     2.5     600.0   1000.0  5       0.83431     0.947531    1.060751
2016postVFP_UL      0.0     0.8     20.0    30.0    4       0.871922    0.984124    1.096326
2016postVFP_UL      0.0     0.8     30.0    50.0    4       0.940566    0.982111    1.023656
2016postVFP_UL      0.0     0.8     50.0    70.0    4       0.932572    0.979799    1.027027
2016postVFP_UL      0.0     0.8     70.0    100.0   4       0.904724    0.977322    1.04992
2016postVFP_UL      0.0     0.8     100.0   140.0   4       0.87175     0.974371    1.076991
2016postVFP_UL      0.0     0.8     140.0   200.0   4       0.765438    0.970844    1.176249
2016postVFP_UL      0.0     0.8     200.0   300.0   4       0.763522    0.96625     1.168979
2016postVFP_UL      0.0     0.8     300.0   600.0   4       0.837619    0.957749    1.077878
2016postVFP_UL      0.0     0.8     600.0   1000.0  4       0.607869    0.947531    1.287193
2016postVFP_UL      0.8     1.6     20.0    30.0    4       0.871922    0.984124    1.096326
2016postVFP_UL      0.8     1.6     30.0    50.0    4       0.940566    0.982111    1.023656
2016postVFP_UL      0.8     1.6     50.0    70.0    4       0.932572    0.979799    1.027027
2016postVFP_UL      0.8     1.6     70.0    100.0   4       0.904724    0.977322    1.04992
2016postVFP_UL      0.8     1.6     100.0   140.0   4       0.87175     0.974371    1.076991
2016postVFP_UL      0.8     1.6     140.0   200.0   4       0.765438    0.970844    1.176249
2016postVFP_UL      0.8     1.6     200.0   300.0   4       0.763522    0.96625     1.168979
2016postVFP_UL      0.8     1.6     300.0   600.0   4       0.837619    0.957749    1.077878
2016postVFP_UL      0.8     1.6     600.0   1000.0  4       0.607869    0.947531    1.287193
2016postVFP_UL      1.6     2.5     20.0    30.0    4       0.871922    0.984124    1.096326
2016postVFP_UL      1.6     2.5     30.0    50.0    4       0.940566    0.982111    1.023656
2016postVFP_UL      1.6     2.5     50.0    70.0    4       0.932572    0.979799    1.027027
2016postVFP_UL      1.6     2.5     70.0    100.0   4       0.904724    0.977322    1.04992
2016postVFP_UL      1.6     2.5     100.0   140.0   4       0.87175     0.974371    1.076991
2016postVFP_UL      1.6     2.5     140.0   200.0   4       0.765438    0.970844    1.176249
2016postVFP_UL      1.6     2.5     200.0   300.0   4       0.763522    0.96625     1.168979
2016postVFP_UL      1.6     2.5     300.0   600.0   4       0.837619    0.957749    1.077878
2016postVFP_UL      1.6     2.5     600.0   1000.0  4       0.607869    0.947531    1.287193
2016preVFP_UL       0.0     0.8     20.0    30.0    0       1.263607    1.441501    1.619394
2016preVFP_UL       0.0     0.8     30.0    50.0    0       1.230682    1.408412    1.586142
2016preVFP_UL       0.0     0.8     50.0    70.0    0       1.212099    1.392767    1.573434
2016preVFP_UL       0.0     0.8     70.0    100.0   0       1.201099    1.386676    1.572254
2016preVFP_UL       0.0     0.8     100.0   140.0   0       1.193772    1.386542    1.579312
2016preVFP_UL       0.0     0.8     140.0   200.0   0       1.19001     1.39237     1.59473
2016preVFP_UL       0.0     0.8     200.0   300.0   0       1.191987    1.406768    1.621548
2016preVFP_UL       0.0     0.8     300.0   600.0   0       1.223825    1.45043     1.677035
2016preVFP_UL       0.0     0.8     600.0   1000.0  0       1.362691    1.533859    1.705028
2016preVFP_UL       0.8     1.6     20.0    30.0    0       1.263607    1.441501    1.619394
2016preVFP_UL       0.8     1.6     30.0    50.0    0       1.230682    1.408412    1.586142
2016preVFP_UL       0.8     1.6     50.0    70.0    0       1.212099    1.392767    1.573434
2016preVFP_UL       0.8     1.6     70.0    100.0   0       1.201099    1.386676    1.572254
2016preVFP_UL       0.8     1.6     100.0   140.0   0       1.193772    1.386542    1.579312
2016preVFP_UL       0.8     1.6     140.0   200.0   0       1.19001     1.39237     1.59473
2016preVFP_UL       0.8     1.6     200.0   300.0   0       1.191987    1.406768    1.621548
2016preVFP_UL       0.8     1.6     300.0   600.0   0       1.223825    1.45043     1.677035
2016preVFP_UL       0.8     1.6     600.0   1000.0  0       1.362691    1.533859    1.705028
2016preVFP_UL       1.6     2.5     20.0    30.0    0       1.263607    1.441501    1.619394
2016preVFP_UL       1.6     2.5     30.0    50.0    0       1.230682    1.408412    1.586142
2016preVFP_UL       1.6     2.5     50.0    70.0    0       1.212099    1.392767    1.573434
2016preVFP_UL       1.6     2.5     70.0    100.0   0       1.201099    1.386676    1.572254
2016preVFP_UL       1.6     2.5     100.0   140.0   0       1.193772    1.386542    1.579312
2016preVFP_UL       1.6     2.5     140.0   200.0   0       1.19001     1.39237     1.59473
2016preVFP_UL       1.6     2.5     200.0   300.0   0       1.191987    1.406768    1.621548
2016preVFP_UL       1.6     2.5     300.0   600.0   0       1.223825    1.45043     1.677035
2016preVFP_UL       1.6     2.5     600.0   1000.0  0       1.362691    1.533859    1.705028
2016preVFP_UL       0.0     0.8     20.0    30.0    5       0.984547    1.0108      1.037054
2016preVFP_UL       0.0     0.8     30.0    50.0    5       0.993057    1.006662    1.020267
2016preVFP_UL       0.0     0.8     50.0    70.0    5       0.98669     1.001653    1.016617
2016preVFP_UL       0.0     0.8     70.0    100.0   5       0.976039    0.996088    1.016137
2016preVFP_UL       0.0     0.8     100.0   140.0   5       0.954597    0.989361    1.024124
2016preVFP_UL       0.0     0.8     140.0   200.0   5       0.91786     0.981418    1.044975
2016preVFP_UL       0.0     0.8     200.0   300.0   5       0.934274    0.971609    1.008943
2016preVFP_UL       0.0     0.8     300.0   600.0   5       0.895273    0.956007    1.01674
2016preVFP_UL       0.0     0.8     600.0   1000.0  5       0.825058    0.942115    1.059172
2016preVFP_UL       0.8     1.6     20.0    30.0    5       0.984547    1.0108      1.037054
2016preVFP_UL       0.8     1.6     30.0    50.0    5       0.993057    1.006662    1.020267
2016preVFP_UL       0.8     1.6     50.0    70.0    5       0.98669     1.001653    1.016617
2016preVFP_UL       0.8     1.6     70.0    100.0   5       0.976039    0.996088    1.016137
2016preVFP_UL       0.8     1.6     100.0   140.0   5       0.954597    0.989361    1.024124
2016preVFP_UL       0.8     1.6     140.0   200.0   5       0.91786     0.981418    1.044975
2016preVFP_UL       0.8     1.6     200.0   300.0   5       0.934274    0.971609    1.008943
2016preVFP_UL       0.8     1.6     300.0   600.0   5       0.895273    0.956007    1.01674
2016preVFP_UL       0.8     1.6     600.0   1000.0  5       0.825058    0.942115    1.059172
2016preVFP_UL       1.6     2.5     20.0    30.0    5       0.984547    1.0108      1.037054
2016preVFP_UL       1.6     2.5     30.0    50.0    5       0.993057    1.006662    1.020267
2016preVFP_UL       1.6     2.5     50.0    70.0    5       0.98669     1.001653    1.016617
2016preVFP_UL       1.6     2.5     70.0    100.0   5       0.976039    0.996088    1.016137
2016preVFP_UL       1.6     2.5     100.0   140.0   5       0.954597    0.989361    1.024124
2016preVFP_UL       1.6     2.5     140.0   200.0   5       0.91786     0.981418    1.044975
2016preVFP_UL       1.6     2.5     200.0   300.0   5       0.934274    0.971609    1.008943
2016preVFP_UL       1.6     2.5     300.0   600.0   5       0.895273    0.956007    1.01674
2016preVFP_UL       1.6     2.5     600.0   1000.0  5       0.825058    0.942115    1.059172
2016preVFP_UL       0.0     0.8     20.0    30.0    4       0.93204     1.0108      1.089561
2016preVFP_UL       0.0     0.8     30.0    50.0    4       0.965848    1.006662    1.047476
2016preVFP_UL       0.0     0.8     50.0    70.0    4       0.956763    1.001653    1.046544
2016preVFP_UL       0.0     0.8     70.0    100.0   4       0.935941    0.996088    1.056236
2016preVFP_UL       0.0     0.8     100.0   140.0   4       0.885069    0.989361    1.093652
2016preVFP_UL       0.0     0.8     140.0   200.0   4       0.790744    0.981418    1.172091
2016preVFP_UL       0.0     0.8     200.0   300.0   4       0.859604    0.971609    1.083613
2016preVFP_UL       0.0     0.8     300.0   600.0   4       0.773806    0.956007    1.138207
2016preVFP_UL       0.0     0.8     600.0   1000.0  4       0.590944    0.942115    1.293286
2016preVFP_UL       0.8     1.6     20.0    30.0    4       0.93204     1.0108      1.089561
2016preVFP_UL       0.8     1.6     30.0    50.0    4       0.965848    1.006662    1.047476
2016preVFP_UL       0.8     1.6     50.0    70.0    4       0.956763    1.001653    1.046544
2016preVFP_UL       0.8     1.6     70.0    100.0   4       0.935941    0.996088    1.056236
2016preVFP_UL       0.8     1.6     100.0   140.0   4       0.885069    0.989361    1.093652
2016preVFP_UL       0.8     1.6     140.0   200.0   4       0.790744    0.981418    1.172091
2016preVFP_UL       0.8     1.6     200.0   300.0   4       0.859604    0.971609    1.083613
2016preVFP_UL       0.8     1.6     300.0   600.0   4       0.773806    0.956007    1.138207
2016preVFP_UL       0.8     1.6     600.0   1000.0  4       0.590944    0.942115    1.293286
2016preVFP_UL       1.6     2.5     20.0    30.0    4       0.93204     1.0108      1.089561
2016preVFP_UL       1.6     2.5     30.0    50.0    4       0.965848    1.006662    1.047476
2016preVFP_UL       1.6     2.5     50.0    70.0    4       0.956763    1.001653    1.046544
2016preVFP_UL       1.6     2.5     70.0    100.0   4       0.935941    0.996088    1.056236
2016preVFP_UL       1.6     2.5     100.0   140.0   4       0.885069    0.989361    1.093652
2016preVFP_UL       1.6     2.5     140.0   200.0   4       0.790744    0.981418    1.172091
2016preVFP_UL       1.6     2.5     200.0   300.0   4       0.859604    0.971609    1.083613
2016preVFP_UL       1.6     2.5     300.0   600.0   4       0.773806    0.956007    1.138207
2016preVFP_UL       1.6     2.5     600.0   1000.0  4       0.590944    0.942115    1.293286
2017_UL             0.0     0.8     20.0    30.0    0       1.097915    1.253307    1.4087
2017_UL             0.0     0.8     30.0    50.0    0       1.109246    1.271269    1.433293
2017_UL             0.0     0.8     50.0    70.0    0       1.103825    1.271477    1.439128
2017_UL             0.0     0.8     70.0    100.0   0       1.088233    1.261017    1.433801
2017_UL             0.0     0.8     100.0   140.0   0       1.06243     1.24059     1.418749
2017_UL             0.0     0.8     140.0   200.0   0       1.025579    1.209019    1.392459
2017_UL             0.0     0.8     200.0   300.0   0       0.973337    1.160867    1.348396
2017_UL             0.0     0.8     300.0   600.0   0       0.889067    1.069887    1.250707
2017_UL             0.0     0.8     600.0   1000.0  0       0.901322    1.028173    1.155024
2017_UL             0.8     1.6     20.0    30.0    0       1.097915    1.253307    1.4087
2017_UL             0.8     1.6     30.0    50.0    0       1.109246    1.271269    1.433293
2017_UL             0.8     1.6     50.0    70.0    0       1.103825    1.271477    1.439128
2017_UL             0.8     1.6     70.0    100.0   0       1.088233    1.261017    1.433801
2017_UL             0.8     1.6     100.0   140.0   0       1.06243     1.24059     1.418749
2017_UL             0.8     1.6     140.0   200.0   0       1.025579    1.209019    1.392459
2017_UL             0.8     1.6     200.0   300.0   0       0.973337    1.160867    1.348396
2017_UL             0.8     1.6     300.0   600.0   0       0.889067    1.069887    1.250707
2017_UL             0.8     1.6     600.0   1000.0  0       0.901322    1.028173    1.155024
2017_UL             1.6     2.5     20.0    30.0    0       1.097915    1.253307    1.4087
2017_UL             1.6     2.5     30.0    50.0    0       1.109246    1.271269    1.433293
2017_UL             1.6     2.5     50.0    70.0    0       1.103825    1.271477    1.439128
2017_UL             1.6     2.5     70.0    100.0   0       1.088233    1.261017    1.433801
2017_UL             1.6     2.5     100.0   140.0   0       1.06243     1.24059     1.418749
2017_UL             1.6     2.5     140.0   200.0   0       1.025579    1.209019    1.392459
2017_UL             1.6     2.5     200.0   300.0   0       0.973337    1.160867    1.348396
2017_UL             1.6     2.5     300.0   600.0   0       0.889067    1.069887    1.250707
2017_UL             1.6     2.5     600.0   1000.0  0       0.901322    1.028173    1.155024
2017_UL             0.0     0.8     20.0    30.0    5       0.94545     0.979218    1.012986
2017_UL             0.0     0.8     30.0    50.0    5       0.955135    0.966935    0.978735
2017_UL             0.0     0.8     50.0    70.0    5       0.934147    0.957126    0.980104
2017_UL             0.0     0.8     70.0    100.0   5       0.917169    0.950479    0.98379
2017_UL             0.0     0.8     100.0   140.0   5       0.895004    0.946607    0.998209
2017_UL             0.0     0.8     140.0   200.0   5       0.897593    0.946494    0.995395
2017_UL             0.0     0.8     200.0   300.0   5       0.848359    0.952089    1.055818
2017_UL             0.0     0.8     300.0   600.0   5       0.907348    0.975145    1.042942
2017_UL             0.0     0.8     600.0   1000.0  5       0.938242    1.018498    1.098755
2017_UL             0.8     1.6     20.0    30.0    5       0.94545     0.979218    1.012986
2017_UL             0.8     1.6     30.0    50.0    5       0.955135    0.966935    0.978735
2017_UL             0.8     1.6     50.0    70.0    5       0.934147    0.957126    0.980104
2017_UL             0.8     1.6     70.0    100.0   5       0.917169    0.950479    0.98379
2017_UL             0.8     1.6     100.0   140.0   5       0.895004    0.946607    0.998209
2017_UL             0.8     1.6     140.0   200.0   5       0.897593    0.946494    0.995395
2017_UL             0.8     1.6     200.0   300.0   5       0.848359    0.952089    1.055818
2017_UL             0.8     1.6     300.0   600.0   5       0.907348    0.975145    1.042942
2017_UL             0.8     1.6     600.0   1000.0  5       0.938242    1.018498    1.098755
2017_UL             1.6     2.5     20.0    30.0    5       0.94545     0.979218    1.012986
2017_UL             1.6     2.5     30.0    50.0    5       0.955135    0.966935    0.978735
2017_UL             1.6     2.5     50.0    70.0    5       0.934147    0.957126    0.980104
2017_UL             1.6     2.5     70.0    100.0   5       0.917169    0.950479    0.98379
2017_UL             1.6     2.5     100.0   140.0   5       0.895004    0.946607    0.998209
2017_UL             1.6     2.5     140.0   200.0   5       0.897593    0.946494    0.995395
2017_UL             1.6     2.5     200.0   300.0   5       0.848359    0.952089    1.055818
2017_UL             1.6     2.5     300.0   600.0   5       0.907348    0.975145    1.042942
2017_UL             1.6     2.5     600.0   1000.0  5       0.938242    1.018498    1.098755
2017_UL             0.0     0.8     20.0    30.0    4       0.877913    0.979218    1.080523
2017_UL             0.0     0.8     30.0    50.0    4       0.931536    0.966935    1.002334
2017_UL             0.0     0.8     50.0    70.0    4       0.88819     0.957126    1.026061
2017_UL             0.0     0.8     70.0    100.0   4       0.850549    0.950479    1.05041
2017_UL             0.0     0.8     100.0   140.0   4       0.7918      0.946607    1.101414
2017_UL             0.0     0.8     140.0   200.0   4       0.79979     0.946494    1.093198
2017_UL             0.0     0.8     200.0   300.0   4       0.640899    0.952089    1.263278
2017_UL             0.0     0.8     300.0   600.0   4       0.771753    0.975145    1.178537
2017_UL             0.0     0.8     600.0   1000.0  4       0.777729    1.018498    1.259268
2017_UL             0.8     1.6     20.0    30.0    4       0.877913    0.979218    1.080523
2017_UL             0.8     1.6     30.0    50.0    4       0.931536    0.966935    1.002334
2017_UL             0.8     1.6     50.0    70.0    4       0.88819     0.957126    1.026061
2017_UL             0.8     1.6     70.0    100.0   4       0.850549    0.950479    1.05041
2017_UL             0.8     1.6     100.0   140.0   4       0.7918      0.946607    1.101414
2017_UL             0.8     1.6     140.0   200.0   4       0.79979     0.946494    1.093198
2017_UL             0.8     1.6     200.0   300.0   4       0.640899    0.952089    1.263278
2017_UL             0.8     1.6     300.0   600.0   4       0.771753    0.975145    1.178537
2017_UL             0.8     1.6     600.0   1000.0  4       0.777729    1.018498    1.259268
2017_UL             1.6     2.5     20.0    30.0    4       0.877913    0.979218    1.080523
2017_UL             1.6     2.5     30.0    50.0    4       0.931536    0.966935    1.002334
2017_UL             1.6     2.5     50.0    70.0    4       0.88819     0.957126    1.026061
2017_UL             1.6     2.5     70.0    100.0   4       0.850549    0.950479    1.05041
2017_UL             1.6     2.5     100.0   140.0   4       0.7918      0.946607    1.101414
2017_UL             1.6     2.5     140.0   200.0   4       0.79979     0.946494    1.093198
2017_UL             1.6     2.5     200.0   300.0   4       0.640899    0.952089    1.263278
2017_UL             1.6     2.5     300.0   600.0   4       0.771753    0.975145    1.178537
2017_UL             1.6     2.5     600.0   1000.0  4       0.777729    1.018498    1.259268
2018_UL             0.0     0.8     20.0    30.0    0       1.170606    1.361528    1.552449
2018_UL             0.0     0.8     30.0    50.0    0       1.180088    1.377048    1.574009
2018_UL             0.0     0.8     50.0    70.0    0       1.173155    1.374662    1.57617
2018_UL             0.0     0.8     70.0    100.0   0       1.156192    1.361407    1.566622
2018_UL             0.0     0.8     100.0   140.0   0       1.12892     1.33758     1.54624
2018_UL             0.0     0.8     140.0   200.0   0       1.090543    1.301983    1.513423
2018_UL             0.0     0.8     200.0   300.0   0       1.036974    1.249237    1.461499
2018_UL             0.0     0.8     300.0   600.0   0       0.955117    1.156349    1.357581
2018_UL             0.0     0.8     600.0   1000.0  0       0.994278    1.143846    1.293413
2018_UL             0.8     1.6     20.0    30.0    0       1.170606    1.361528    1.552449
2018_UL             0.8     1.6     30.0    50.0    0       1.180088    1.377048    1.574009
2018_UL             0.8     1.6     50.0    70.0    0       1.173155    1.374662    1.57617
2018_UL             0.8     1.6     70.0    100.0   0       1.156192    1.361407    1.566622
2018_UL             0.8     1.6     100.0   140.0   0       1.12892     1.33758     1.54624
2018_UL             0.8     1.6     140.0   200.0   0       1.090543    1.301983    1.513423
2018_UL             0.8     1.6     200.0   300.0   0       1.036974    1.249237    1.461499
2018_UL             0.8     1.6     300.0   600.0   0       0.955117    1.156349    1.357581
2018_UL             0.8     1.6     600.0   1000.0  0       0.994278    1.143846    1.293413
2018_UL             1.6     2.5     20.0    30.0    0       1.170606    1.361528    1.552449
2018_UL             1.6     2.5     30.0    50.0    0       1.180088    1.377048    1.574009
2018_UL             1.6     2.5     50.0    70.0    0       1.173155    1.374662    1.57617
2018_UL             1.6     2.5     70.0    100.0   0       1.156192    1.361407    1.566622
2018_UL             1.6     2.5     100.0   140.0   0       1.12892     1.33758     1.54624
2018_UL             1.6     2.5     140.0   200.0   0       1.090543    1.301983    1.513423
2018_UL             1.6     2.5     200.0   300.0   0       1.036974    1.249237    1.461499
2018_UL             1.6     2.5     300.0   600.0   0       0.955117    1.156349    1.357581
2018_UL             1.6     2.5     600.0   1000.0  0       0.994278    1.143846    1.293413
2018_UL             0.0     0.8     20.0    30.0    5       0.936646    0.965143    0.993639
2018_UL             0.0     0.8     30.0    50.0    5       0.946787    0.960202    0.973618
2018_UL             0.0     0.8     50.0    70.0    5       0.937317    0.956004    0.974691
2018_UL             0.0     0.8     70.0    100.0   5       0.922827    0.952831    0.982835
2018_UL             0.0     0.8     100.0   140.0   5       0.903362    0.95044     0.997518
2018_UL             0.0     0.8     140.0   200.0   5       0.849687    0.949133    1.048579
2018_UL             0.0     0.8     200.0   300.0   5       0.862717    0.949401    1.036085
2018_UL             0.0     0.8     300.0   600.0   5       0.881483    0.954257    1.027032
2018_UL             0.0     0.8     600.0   1000.0  5       0.893382    0.965463    1.037544
2018_UL             0.8     1.6     20.0    30.0    5       0.936646    0.965143    0.993639
2018_UL             0.8     1.6     30.0    50.0    5       0.946787    0.960202    0.973618
2018_UL             0.8     1.6     50.0    70.0    5       0.937317    0.956004    0.974691
2018_UL             0.8     1.6     70.0    100.0   5       0.922827    0.952831    0.982835
2018_UL             0.8     1.6     100.0   140.0   5       0.903362    0.95044     0.997518
2018_UL             0.8     1.6     140.0   200.0   5       0.849687    0.949133    1.048579
2018_UL             0.8     1.6     200.0   300.0   5       0.862717    0.949401    1.036085
2018_UL             0.8     1.6     300.0   600.0   5       0.881483    0.954257    1.027032
2018_UL             0.8     1.6     600.0   1000.0  5       0.893382    0.965463    1.037544
2018_UL             1.6     2.5     20.0    30.0    5       0.936646    0.965143    0.993639
2018_UL             1.6     2.5     30.0    50.0    5       0.946787    0.960202    0.973618
2018_UL             1.6     2.5     50.0    70.0    5       0.937317    0.956004    0.974691
2018_UL             1.6     2.5     70.0    100.0   5       0.922827    0.952831    0.982835
2018_UL             1.6     2.5     100.0   140.0   5       0.903362    0.95044     0.997518
2018_UL             1.6     2.5     140.0   200.0   5       0.849687    0.949133    1.048579
2018_UL             1.6     2.5     200.0   300.0   5       0.862717    0.949401    1.036085
2018_UL             1.6     2.5     300.0   600.0   5       0.881483    0.954257    1.027032
2018_UL             1.6     2.5     600.0   1000.0  5       0.893382    0.965463    1.037544
2018_UL             0.0     0.8     20.0    30.0    4       0.879654    0.965143    1.050631
2018_UL             0.0     0.8     30.0    50.0    4       0.919955    0.960202    1.000449
2018_UL             0.0     0.8     50.0    70.0    4       0.899942    0.956004    1.012065
2018_UL             0.0     0.8     70.0    100.0   4       0.86282     0.952831    1.042843
2018_UL             0.0     0.8     100.0   140.0   4       0.809206    0.95044     1.091675
2018_UL             0.0     0.8     140.0   200.0   4       0.650795    0.949133    1.247471
2018_UL             0.0     0.8     200.0   300.0   4       0.689348    0.949401    1.209454
2018_UL             0.0     0.8     300.0   600.0   4       0.735934    0.954257    1.17258
2018_UL             0.0     0.8     600.0   1000.0  4       0.749219    0.965463    1.181707
2018_UL             0.8     1.6     20.0    30.0    4       0.879654    0.965143    1.050631
2018_UL             0.8     1.6     30.0    50.0    4       0.919955    0.960202    1.000449
2018_UL             0.8     1.6     50.0    70.0    4       0.899942    0.956004    1.012065
2018_UL             0.8     1.6     70.0    100.0   4       0.86282     0.952831    1.042843
2018_UL             0.8     1.6     100.0   140.0   4       0.809206    0.95044     1.091675
2018_UL             0.8     1.6     140.0   200.0   4       0.650795    0.949133    1.247471
2018_UL             0.8     1.6     200.0   300.0   4       0.689348    0.949401    1.209454
2018_UL             0.8     1.6     300.0   600.0   4       0.735934    0.954257    1.17258
2018_UL             0.8     1.6     600.0   1000.0  4       0.749219    0.965463    1.181707
2018_UL             1.6     2.5     20.0    30.0    4       0.879654    0.965143    1.050631
2018_UL             1.6     2.5     30.0    50.0    4       0.919955    0.960202    1.000449
2018_UL             1.6     2.5     50.0    70.0    4       0.899942    0.956004    1.012065
2018_UL             1.6     2.5     70.0    100.0   4       0.86282     0.952831    1.042843
2018_UL             1.6     2.5     100.0   140.0   4       0.809206    0.95044     1.091675
2018_UL             1.6     2.5     140.0   200.0   4       0.650795    0.949133    1.247471
2018_UL             1.6     2.5     200.0   300.0   4       0.689348    0.949401    1.209454
2018_UL             1.6     2.5     300.0   600.0   4       0.735934    0.954257    1.17258
2018_UL             1.6     2.5     600.0   1000.0  4       0.749219    0.965463    1.181707
Run3Summer22        0.0     0.8     20.0    30.0    0       1.00821     1.13923     1.241163
Run3Summer22        0.0     0.8     30.0    50.0    0       1.04784     1.18087     1.306065
Run3Summer22        0.0     0.8     50.0    70.0    0       1.062601    1.217066    1.368286
Run3Summer22        0.0     0.8     70.0    100.0   0       1.063312    1.242731    1.419
Run3Summer22        0.0     0.8     100.0   140.0   0       1.054033    1.257304    1.457441
Run3Summer22        0.0     0.8     140.0   200.0   0       1.035071    1.255433    1.473861
Run3Summer22        0.0     0.8     200.0   300.0   0       1.004126    1.229274    1.454541
Run3Summer22        0.0     0.8     300.0   600.0   0       0.950801    1.148879    1.347712
Run3Summer22        0.0     0.8     600.0   1000.0  0       0.96706     1.122124    1.277435
Run3Summer22        0.8     1.6     20.0    30.0    0       1.00821     1.13923     1.241163
Run3Summer22        0.8     1.6     30.0    50.0    0       1.04784     1.18087     1.306065
Run3Summer22        0.8     1.6     50.0    70.0    0       1.062601    1.217066    1.368286
Run3Summer22        0.8     1.6     70.0    100.0   0       1.063312    1.242731    1.419
Run3Summer22        0.8     1.6     100.0   140.0   0       1.054033    1.257304    1.457441
Run3Summer22        0.8     1.6     140.0   200.0   0       1.035071    1.255433    1.473861
Run3Summer22        0.8     1.6     200.0   300.0   0       1.004126    1.229274    1.454541
Run3Summer22        0.8     1.6     300.0   600.0   0       0.950801    1.148879    1.347712
Run3Summer22        0.8     1.6     600.0   1000.0  0       0.96706     1.122124    1.277435
Run3Summer22        1.6     2.5     20.0    30.0    0       1.00821     1.13923     1.241163
Run3Summer22        1.6     2.5     30.0    50.0    0       1.04784     1.18087     1.306065
Run3Summer22        1.6     2.5     50.0    70.0    0       1.062601    1.217066    1.368286
Run3Summer22        1.6     2.5     70.0    100.0   0       1.063312    1.242731    1.419
Run3Summer22        1.6     2.5     100.0   140.0   0       1.054033    1.257304    1.457441
Run3Summer22        1.6     2.5     140.0   200.0   0       1.035071    1.255433    1.473861
Run3Summer22        1.6     2.5     200.0   300.0   0       1.004126    1.229274    1.454541
Run3Summer22        1.6     2.5     300.0   600.0   0       0.950801    1.148879    1.347712
Run3Summer22        1.6     2.5     600.0   1000.0  0       0.96706     1.122124    1.277435
Run3Summer22        0.0     0.8     20.0    30.0    5       0.929762    0.97865     1.027539
Run3Summer22        0.0     0.8     30.0    50.0    5       0.953211    0.973248    0.993285
Run3Summer22        0.0     0.8     50.0    70.0    5       0.937675    0.966765    0.995855
Run3Summer22        0.0     0.8     70.0    100.0   5       0.930908    0.959634    0.98836
Run3Summer22        0.0     0.8     100.0   140.0   5       0.900309    0.951111    1.001912
Run3Summer22        0.0     0.8     140.0   200.0   5       0.859131    0.941184    1.023237
Run3Summer22        0.0     0.8     200.0   300.0   5       0.728326    0.929124    1.129921
Run3Summer22        0.0     0.8     300.0   600.0   5       0.676749    0.910379    1.14401
Run3Summer22        0.0     0.8     600.0   1000.0  5       0.826097    0.894127    0.962157
Run3Summer22        0.8     1.6     20.0    30.0    5       0.929762    0.97865     1.027539
Run3Summer22        0.8     1.6     30.0    50.0    5       0.953211    0.973248    0.993285
Run3Summer22        0.8     1.6     50.0    70.0    5       0.937675    0.966765    0.995855
Run3Summer22        0.8     1.6     70.0    100.0   5       0.930908    0.959634    0.98836
Run3Summer22        0.8     1.6     100.0   140.0   5       0.900309    0.951111    1.001912
Run3Summer22        0.8     1.6     140.0   200.0   5       0.859131    0.941184    1.023237
Run3Summer22        0.8     1.6     200.0   300.0   5       0.728326    0.929124    1.129921
Run3Summer22        0.8     1.6     300.0   600.0   5       0.676749    0.910379    1.14401
Run3Summer22        0.8     1.6     600.0   1000.0  5       0.826097    0.894127    0.962157
Run3Summer22        1.6     2.5     20.0    30.0    5       0.929762    0.97865     1.027539
Run3Summer22        1.6     2.5     30.0    50.0    5       0.953211    0.973248    0.993285
Run3Summer22        1.6     2.5     50.0    70.0    5       0.937675    0.966765    0.995855
Run3Summer22        1.6     2.5     70.0    100.0   5       0.930908    0.959634    0.98836
Run3Summer22        1.6     2.5     100.0   140.0   5       0.900309    0.951111    1.001912
Run3Summer22        1.6     2.5     140.0   200.0   5       0.859131    0.941184    1.023237
Run3Summer22        1.6     2.5     200.0   300.0   5       0.728326    0.929124    1.129921
Run3Summer22        1.6     2.5     300.0   600.0   5       0.676749    0.910379    1.14401
Run3Summer22        1.6     2.5     600.0   1000.0  5       0.826097    0.894127    0.962157
Run3Summer22        0.0     0.8     20.0    30.0    4       0.831984    0.97865     1.125316
Run3Summer22        0.0     0.8     30.0    50.0    4       0.913138    0.973248    1.033358
Run3Summer22        0.0     0.8     50.0    70.0    4       0.879495    0.966765    1.054035
Run3Summer22        0.0     0.8     70.0    100.0   4       0.873457    0.959634    1.045811
Run3Summer22        0.0     0.8     100.0   140.0   4       0.798706    0.951111    1.103515
Run3Summer22        0.0     0.8     140.0   200.0   4       0.695025    0.941184    1.187343
Run3Summer22        0.0     0.8     200.0   300.0   4       0.326732    0.929124    1.531515
Run3Summer22        0.0     0.8     300.0   600.0   4       0.209488    0.910379    1.61127
Run3Summer22        0.0     0.8     600.0   1000.0  4       0.690036    0.894127    1.098217
Run3Summer22        0.8     1.6     20.0    30.0    4       0.831984    0.97865     1.125316
Run3Summer22        0.8     1.6     30.0    50.0    4       0.913138    0.973248    1.033358
Run3Summer22        0.8     1.6     50.0    70.0    4       0.879495    0.966765    1.054035
Run3Summer22        0.8     1.6     70.0    100.0   4       0.873457    0.959634    1.045811
Run3Summer22        0.8     1.6     100.0   140.0   4       0.798706    0.951111    1.103515
Run3Summer22        0.8     1.6     140.0   200.0   4       0.695025    0.941184    1.187343
Run3Summer22        0.8     1.6     200.0   300.0   4       0.326732    0.929124    1.531515
Run3Summer22        0.8     1.6     300.0   600.0   4       0.209488    0.910379    1.61127
Run3Summer22        0.8     1.6     600.0   1000.0  4       0.690036    0.894127    1.098217
Run3Summer22        1.6     2.5     20.0    30.0    4       0.831984    0.97865     1.125316
Run3Summer22        1.6     2.5     30.0    50.0    4       0.913138    0.973248    1.033358
Run3Summer22        1.6     2.5     50.0    70.0    4       0.879495    0.966765    1.054035
Run3Summer22        1.6     2.5     70.0    100.0   4       0.873457    0.959634    1.045811
Run3Summer22        1.6     2.5     100.0   140.0   4       0.798706    0.951111    1.103515
Run3Summer22        1.6     2.5     140.0   200.0   4       0.695025    0.941184    1.187343
Run3Summer22        1.6     2.5     200.0   300.0   4       0.326732    0.929124    1.531515
Run3Summer22        1.6     2.5     300.0   600.0   4       0.209488    0.910379    1.61127
Run3Summer22        1.6     2.5     600.0   1000.0  4       0.690036    0.894127    1.098217
Run3Summer22EE      0.0     0.8     20.0    30.0    0       1.176694    1.25717     1.35379
Run3Summer22EE      0.0     0.8     30.0    50.0    0       1.224406    1.399151    1.525716
Run3Summer22EE      0.0     0.8     50.0    70.0    0       1.241153    1.465148    1.639999
Run3Summer22EE      0.0     0.8     70.0    100.0   0       1.240431    1.489719    1.704656
Run3Summer22EE      0.0     0.8     100.0   140.0   0       1.22691     1.489122    1.734098
Run3Summer22EE      0.0     0.8     140.0   200.0   0       1.200587    1.465487    1.726917
Run3Summer22EE      0.0     0.8     200.0   300.0   0       1.15748     1.414341    1.675623
Run3Summer22EE      0.0     0.8     300.0   600.0   0       1.077261    1.301127    1.526809
Run3Summer22EE      0.0     0.8     600.0   1000.0  0       1.063981    1.23856     1.412383
Run3Summer22EE      0.8     1.6     20.0    30.0    0       1.176694    1.25717     1.35379
Run3Summer22EE      0.8     1.6     30.0    50.0    0       1.224406    1.399151    1.525716
Run3Summer22EE      0.8     1.6     50.0    70.0    0       1.241153    1.465148    1.639999
Run3Summer22EE      0.8     1.6     70.0    100.0   0       1.240431    1.489719    1.704656
Run3Summer22EE      0.8     1.6     100.0   140.0   0       1.22691     1.489122    1.734098
Run3Summer22EE      0.8     1.6     140.0   200.0   0       1.200587    1.465487    1.726917
Run3Summer22EE      0.8     1.6     200.0   300.0   0       1.15748     1.414341    1.675623
Run3Summer22EE      0.8     1.6     300.0   600.0   0       1.077261    1.301127    1.526809
Run3Summer22EE      0.8     1.6     600.0   1000.0  0       1.063981    1.23856     1.412383
Run3Summer22EE      1.6     2.5     20.0    30.0    0       1.176694    1.25717     1.35379
Run3Summer22EE      1.6     2.5     30.0    50.0    0       1.224406    1.399151    1.525716
Run3Summer22EE      1.6     2.5     50.0    70.0    0       1.241153    1.465148    1.639999
Run3Summer22EE      1.6     2.5     70.0    100.0   0       1.240431    1.489719    1.704656
Run3Summer22EE      1.6     2.5     100.0   140.0   0       1.22691     1.489122    1.734098
Run3Summer22EE      1.6     2.5     140.0   200.0   0       1.200587    1.465487    1.726917
Run3Summer22EE      1.6     2.5     200.0   300.0   0       1.15748     1.414341    1.675623
Run3Summer22EE      1.6     2.5     300.0   600.0   0       1.077261    1.301127    1.526809
Run3Summer22EE      1.6     2.5     600.0   1000.0  0       1.063981    1.23856     1.412383
Run3Summer22EE      0.0     0.8     20.0    30.0    5       0.906025    0.947863    0.989701
Run3Summer22EE      0.0     0.8     30.0    50.0    5       0.938771    0.96451     0.990248
Run3Summer22EE      0.0     0.8     50.0    70.0    5       0.946617    0.977626    1.008636
Run3Summer22EE      0.0     0.8     70.0    100.0   5       0.957051    0.986283    1.015515
Run3Summer22EE      0.0     0.8     100.0   140.0   5       0.946589    0.990947    1.035305
Run3Summer22EE      0.0     0.8     140.0   200.0   5       0.857903    0.990213    1.122524
Run3Summer22EE      0.0     0.8     200.0   300.0   5       0.827031    0.98124     1.135448
Run3Summer22EE      0.0     0.8     300.0   600.0   5       0.799329    0.94689     1.094452
Run3Summer22EE      0.0     0.8     600.0   1000.0  5       0.803705    0.88376     0.963815
Run3Summer22EE      0.8     1.6     20.0    30.0    5       0.906025    0.947863    0.989701
Run3Summer22EE      0.8     1.6     30.0    50.0    5       0.938771    0.96451     0.990248
Run3Summer22EE      0.8     1.6     50.0    70.0    5       0.946617    0.977626    1.008636
Run3Summer22EE      0.8     1.6     70.0    100.0   5       0.957051    0.986283    1.015515
Run3Summer22EE      0.8     1.6     100.0   140.0   5       0.946589    0.990947    1.035305
Run3Summer22EE      0.8     1.6     140.0   200.0   5       0.857903    0.990213    1.122524
Run3Summer22EE      0.8     1.6     200.0   300.0   5       0.827031    0.98124     1.135448
Run3Summer22EE      0.8     1.6     300.0   600.0   5       0.799329    0.94689     1.094452
Run3Summer22EE      0.8     1.6     600.0   1000.0  5       0.803705    0.88376     0.963815
Run3Summer22EE      1.6     2.5     20.0    30.0    5       0.906025    0.947863    0.989701
Run3Summer22EE      1.6     2.5     30.0    50.0    5       0.938771    0.96451     0.990248
Run3Summer22EE      1.6     2.5     50.0    70.0    5       0.946617    0.977626    1.008636
Run3Summer22EE      1.6     2.5     70.0    100.0   5       0.957051    0.986283    1.015515
Run3Summer22EE      1.6     2.5     100.0   140.0   5       0.946589    0.990947    1.035305
Run3Summer22EE      1.6     2.5     140.0   200.0   5       0.857903    0.990213    1.122524
Run3Summer22EE      1.6     2.5     200.0   300.0   5       0.827031    0.98124     1.135448
Run3Summer22EE      1.6     2.5     300.0   600.0   5       0.799329    0.94689     1.094452
Run3Summer22EE      1.6     2.5     600.0   1000.0  5       0.803705    0.88376     0.963815
Run3Summer22EE      0.0     0.8     20.0    30.0    4       0.822349    0.947863    1.073378
Run3Summer22EE      0.0     0.8     30.0    50.0    4       0.887294    0.96451     1.041725
Run3Summer22EE      0.0     0.8     50.0    70.0    4       0.884598    0.977626    1.070655
Run3Summer22EE      0.0     0.8     70.0    100.0   4       0.898587    0.986283    1.073979
Run3Summer22EE      0.0     0.8     100.0   140.0   4       0.857874    0.990947    1.12402
Run3Summer22EE      0.0     0.8     140.0   200.0   4       0.593282    0.990213    1.387145
Run3Summer22EE      0.0     0.8     200.0   300.0   4       0.518613    0.98124     1.443866
Run3Summer22EE      0.0     0.8     300.0   600.0   4       0.504207    0.94689     1.389574
Run3Summer22EE      0.0     0.8     600.0   1000.0  4       0.643595    0.88376     1.123925
Run3Summer22EE      0.8     1.6     20.0    30.0    4       0.822349    0.947863    1.073378
Run3Summer22EE      0.8     1.6     30.0    50.0    4       0.887294    0.96451     1.041725
Run3Summer22EE      0.8     1.6     50.0    70.0    4       0.884598    0.977626    1.070655
Run3Summer22EE      0.8     1.6     70.0    100.0   4       0.898587    0.986283    1.073979
Run3Summer22EE      0.8     1.6     100.0   140.0   4       0.857874    0.990947    1.12402
Run3Summer22EE      0.8     1.6     140.0   200.0   4       0.593282    0.990213    1.387145
Run3Summer22EE      0.8     1.6     200.0   300.0   4       0.518613    0.98124     1.443866
Run3Summer22EE      0.8     1.6     300.0   600.0   4       0.504207    0.94689     1.389574
Run3Summer22EE      0.8     1.6     600.0   1000.0  4       0.643595    0.88376     1.123925
Run3Summer22EE      1.6     2.5     20.0    30.0    4       0.822349    0.947863    1.073378
Run3Summer22EE      1.6     2.5     30.0    50.0    4       0.887294    0.96451     1.041725
Run3Summer22EE      1.6     2.5     50.0    70.0    4       0.884598    0.977626    1.070655
Run3Summer22EE      1.6     2.5     70.0    100.0   4       0.898587    0.986283    1.073979
Run3Summer22EE      1.6     2.5     100.0   140.0   4       0.857874    0.990947    1.12402
Run3Summer22EE      1.6     2.5     140.0   200.0   4       0.593282    0.990213    1.387145
Run3Summer22EE      1.6     2.5     200.0   300.0   4       0.518613    0.98124     1.443866
Run3Summer22EE      1.6     2.5     300.0   600.0   4       0.504207    0.94689     1.389574
Run3Summer22EE      1.6     2.5     600.0   1000.0  4       0.643595    0.88376     1.123925
Run3Summer23        0.0     0.8     20.0    30.0    0       1.500892    1.693561    1.886231
Run3Summer23        0.0     0.8     30.0    50.0    0       1.472424    1.676932    1.881441
Run3Summer23        0.0     0.8     50.0    70.0    0       1.436687    1.655104    1.873522
Run3Summer23        0.0     0.8     70.0    100.0   0       1.395391    1.628379    1.861366
Run3Summer23        0.0     0.8     100.0   140.0   0       1.343426    1.592028    1.84063
Run3Summer23        0.0     0.8     140.0   200.0   0       1.279853    1.542309    1.804765
Run3Summer23        0.0     0.8     200.0   300.0   0       1.200333    1.468368    1.736403
Run3Summer23        0.0     0.8     300.0   600.0   0       1.087176    1.315887    1.544598
Run3Summer23        0.0     0.8     600.0   1000.0  0       1.03662     1.174533    1.312446
Run3Summer23        0.8     1.6     20.0    30.0    0       1.500892    1.693561    1.886231
Run3Summer23        0.8     1.6     30.0    50.0    0       1.472424    1.676932    1.881441
Run3Summer23        0.8     1.6     50.0    70.0    0       1.436687    1.655104    1.873522
Run3Summer23        0.8     1.6     70.0    100.0   0       1.395391    1.628379    1.861366
Run3Summer23        0.8     1.6     100.0   140.0   0       1.343426    1.592028    1.84063
Run3Summer23        0.8     1.6     140.0   200.0   0       1.279853    1.542309    1.804765
Run3Summer23        0.8     1.6     200.0   300.0   0       1.200333    1.468368    1.736403
Run3Summer23        0.8     1.6     300.0   600.0   0       1.087176    1.315887    1.544598
Run3Summer23        0.8     1.6     600.0   1000.0  0       1.03662     1.174533    1.312446
Run3Summer23        1.6     2.5     20.0    30.0    0       1.500892    1.693561    1.886231
Run3Summer23        1.6     2.5     30.0    50.0    0       1.472424    1.676932    1.881441
Run3Summer23        1.6     2.5     50.0    70.0    0       1.436687    1.655104    1.873522
Run3Summer23        1.6     2.5     70.0    100.0   0       1.395391    1.628379    1.861366
Run3Summer23        1.6     2.5     100.0   140.0   0       1.343426    1.592028    1.84063
Run3Summer23        1.6     2.5     140.0   200.0   0       1.279853    1.542309    1.804765
Run3Summer23        1.6     2.5     200.0   300.0   0       1.200333    1.468368    1.736403
Run3Summer23        1.6     2.5     300.0   600.0   0       1.087176    1.315887    1.544598
Run3Summer23        1.6     2.5     600.0   1000.0  0       1.03662     1.174533    1.312446
Run3Summer23        0.0     0.8     20.0    30.0    5       0.917748    0.991574    1.0654
Run3Summer23        0.0     0.8     30.0    50.0    5       0.961124    0.98997     1.018817
Run3Summer23        0.0     0.8     50.0    70.0    5       0.96757     0.98805     1.00853
Run3Summer23        0.0     0.8     70.0    100.0   5       0.945319    0.985942    1.026566
Run3Summer23        0.0     0.8     100.0   140.0   5       0.932878    0.98343     1.033982
Run3Summer23        0.0     0.8     140.0   200.0   5       0.922707    0.980514    1.038322
Run3Summer23        0.0     0.8     200.0   300.0   5       0.90309     0.976985    1.050881
Run3Summer23        0.0     0.8     300.0   600.0   5       0.921712    0.971531    1.021349
Run3Summer23        0.0     0.8     600.0   1000.0  5       0.901465    0.96683     1.032195
Run3Summer23        0.8     1.6     20.0    30.0    5       0.917748    0.991574    1.0654
Run3Summer23        0.8     1.6     30.0    50.0    5       0.961124    0.98997     1.018817
Run3Summer23        0.8     1.6     50.0    70.0    5       0.96757     0.98805     1.00853
Run3Summer23        0.8     1.6     70.0    100.0   5       0.945319    0.985942    1.026566
Run3Summer23        0.8     1.6     100.0   140.0   5       0.932878    0.98343     1.033982
Run3Summer23        0.8     1.6     140.0   200.0   5       0.922707    0.980514    1.038322
Run3Summer23        0.8     1.6     200.0   300.0   5       0.90309     0.976985    1.050881
Run3Summer23        0.8     1.6     300.0   600.0   5       0.921712    0.971531    1.021349
Run3Summer23        0.8     1.6     600.0   1000.0  5       0.901465    0.96683     1.032195
Run3Summer23        1.6     2.5     20.0    30.0    5       0.917748    0.991574    1.0654
Run3Summer23        1.6     2.5     30.0    50.0    5       0.961124    0.98997     1.018817
Run3Summer23        1.6     2.5     50.0    70.0    5       0.96757     0.98805     1.00853
Run3Summer23        1.6     2.5     70.0    100.0   5       0.945319    0.985942    1.026566
Run3Summer23        1.6     2.5     100.0   140.0   5       0.932878    0.98343     1.033982
Run3Summer23        1.6     2.5     140.0   200.0   5       0.922707    0.980514    1.038322
Run3Summer23        1.6     2.5     200.0   300.0   5       0.90309     0.976985    1.050881
Run3Summer23        1.6     2.5     300.0   600.0   5       0.921712    0.971531    1.021349
Run3Summer23        1.6     2.5     600.0   1000.0  5       0.901465    0.96683     1.032195
Run3Summer23        0.0     0.8     20.0    30.0    4       0.770096    0.991574    1.213053
Run3Summer23        0.0     0.8     30.0    50.0    4       0.903432    0.98997     1.076509
Run3Summer23        0.0     0.8     50.0    70.0    4       0.926609    0.98805     1.04949
Run3Summer23        0.0     0.8     70.0    100.0   4       0.864071    0.985942    1.107813
Run3Summer23        0.0     0.8     100.0   140.0   4       0.831774    0.98343     1.135087
Run3Summer23        0.0     0.8     140.0   200.0   4       0.807092    0.980514    1.153937
Run3Summer23        0.0     0.8     200.0   300.0   4       0.7553      0.976985    1.198671
Run3Summer23        0.0     0.8     300.0   600.0   4       0.822075    0.971531    1.120986
Run3Summer23        0.0     0.8     600.0   1000.0  4       0.770735    0.96683     1.162925
Run3Summer23        0.8     1.6     20.0    30.0    4       0.770096    0.991574    1.213053
Run3Summer23        0.8     1.6     30.0    50.0    4       0.903432    0.98997     1.076509
Run3Summer23        0.8     1.6     50.0    70.0    4       0.926609    0.98805     1.04949
Run3Summer23        0.8     1.6     70.0    100.0   4       0.864071    0.985942    1.107813
Run3Summer23        0.8     1.6     100.0   140.0   4       0.831774    0.98343     1.135087
Run3Summer23        0.8     1.6     140.0   200.0   4       0.807092    0.980514    1.153937
Run3Summer23        0.8     1.6     200.0   300.0   4       0.7553      0.976985    1.198671
Run3Summer23        0.8     1.6     300.0   600.0   4       0.822075    0.971531    1.120986
Run3Summer23        0.8     1.6     600.0   1000.0  4       0.770735    0.96683     1.162925
Run3Summer23        1.6     2.5     20.0    30.0    4       0.770096    0.991574    1.213053
Run3Summer23        1.6     2.5     30.0    50.0    4       0.903432    0.98997     1.076509
Run3Summer23        1.6     2.5     50.0    70.0    4       0.926609    0.98805     1.04949
Run3Summer23        1.6     2.5     70.0    100.0   4       0.864071    0.985942    1.107813
Run3Summer23        1.6     2.5     100.0   140.0   4       0.831774    0.98343     1.135087
Run3Summer23        1.6     2.5     140.0   200.0   4       0.807092    0.980514    1.153937
Run3Summer23        1.6     2.5     200.0   300.0   4       0.7553      0.976985    1.198671
Run3Summer23        1.6     2.5     300.0   600.0   4       0.822075    0.971531    1.120986
Run3Summer23        1.6     2.5     600.0   1000.0  4       0.770735    0.96683     1.162925
Run3Summer23BPix    0.0     0.8     20.0    30.0    0       1.334865    1.508632    1.682399
Run3Summer23BPix    0.0     0.8     30.0    50.0    0       1.311321    1.495747    1.680174
Run3Summer23BPix    0.0     0.8     50.0    70.0    0       1.281821    1.478855    1.675888
Run3Summer23BPix    0.0     0.8     70.0    100.0   0       1.247831    1.458206    1.668582
Run3Summer23BPix    0.0     0.8     100.0   140.0   0       1.205259    1.430188    1.655116
Run3Summer23BPix    0.0     0.8     140.0   200.0   0       1.153621    1.392005    1.63039
Run3Summer23BPix    0.0     0.8     200.0   300.0   0       1.090241    1.335594    1.580947
Run3Summer23BPix    0.0     0.8     300.0   600.0   0       1.006977    1.221564    1.43615
Run3Summer23BPix    0.0     0.8     600.0   1000.0  0       0.99088     1.126595    1.262309
Run3Summer23BPix    0.8     1.6     20.0    30.0    0       1.334865    1.508632    1.682399
Run3Summer23BPix    0.8     1.6     30.0    50.0    0       1.311321    1.495747    1.680174
Run3Summer23BPix    0.8     1.6     50.0    70.0    0       1.281821    1.478855    1.675888
Run3Summer23BPix    0.8     1.6     70.0    100.0   0       1.247831    1.458206    1.668582
Run3Summer23BPix    0.8     1.6     100.0   140.0   0       1.205259    1.430188    1.655116
Run3Summer23BPix    0.8     1.6     140.0   200.0   0       1.153621    1.392005    1.63039
Run3Summer23BPix    0.8     1.6     200.0   300.0   0       1.090241    1.335594    1.580947
Run3Summer23BPix    0.8     1.6     300.0   600.0   0       1.006977    1.221564    1.43615
Run3Summer23BPix    0.8     1.6     600.0   1000.0  0       0.99088     1.126595    1.262309
Run3Summer23BPix    1.6     2.5     20.0    30.0    0       1.334865    1.508632    1.682399
Run3Summer23BPix    1.6     2.5     30.0    50.0    0       1.311321    1.495747    1.680174
Run3Summer23BPix    1.6     2.5     50.0    70.0    0       1.281821    1.478855    1.675888
Run3Summer23BPix    1.6     2.5     70.0    100.0   0       1.247831    1.458206    1.668582
Run3Summer23BPix    1.6     2.5     100.0   140.0   0       1.205259    1.430188    1.655116
Run3Summer23BPix    1.6     2.5     140.0   200.0   0       1.153621    1.392005    1.63039
Run3Summer23BPix    1.6     2.5     200.0   300.0   0       1.090241    1.335594    1.580947
Run3Summer23BPix    1.6     2.5     300.0   600.0   0       1.006977    1.221564    1.43615
Run3Summer23BPix    1.6     2.5     600.0   1000.0  0       0.99088     1.126595    1.262309
Run3Summer23BPix    0.0     0.8     20.0    30.0    5       0.966417    0.998199    1.029982
Run3Summer23BPix    0.0     0.8     30.0    50.0    5       0.954388    0.983296    1.012204
Run3Summer23BPix    0.0     0.8     50.0    70.0    5       0.947699    0.97268     0.997661
Run3Summer23BPix    0.0     0.8     70.0    100.0   5       0.93812     0.967153    0.996187
Run3Summer23BPix    0.0     0.8     100.0   140.0   5       0.928263    0.966689    1.005114
Run3Summer23BPix    0.0     0.8     140.0   200.0   5       0.903289    0.972966    1.042642
Run3Summer23BPix    0.0     0.8     200.0   300.0   5       0.933641    0.989827    1.046014
Run3Summer23BPix    0.0     0.8     300.0   600.0   5       0.984184    1.040253    1.096322
Run3Summer23BPix    0.0     0.8     600.0   1000.0  5       1.019988    1.124527    1.229066
Run3Summer23BPix    0.8     1.6     20.0    30.0    5       0.966417    0.998199    1.029982
Run3Summer23BPix    0.8     1.6     30.0    50.0    5       0.954388    0.983296    1.012204
Run3Summer23BPix    0.8     1.6     50.0    70.0    5       0.947699    0.97268     0.997661
Run3Summer23BPix    0.8     1.6     70.0    100.0   5       0.93812     0.967153    0.996187
Run3Summer23BPix    0.8     1.6     100.0   140.0   5       0.928263    0.966689    1.005114
Run3Summer23BPix    0.8     1.6     140.0   200.0   5       0.903289    0.972966    1.042642
Run3Summer23BPix    0.8     1.6     200.0   300.0   5       0.933641    0.989827    1.046014
Run3Summer23BPix    0.8     1.6     300.0   600.0   5       0.984184    1.040253    1.096322
Run3Summer23BPix    0.8     1.6     600.0   1000.0  5       1.019988    1.124527    1.229066
Run3Summer23BPix    1.6     2.5     20.0    30.0    5       0.966417    0.998199    1.029982
Run3Summer23BPix    1.6     2.5     30.0    50.0    5       0.954388    0.983296    1.012204
Run3Summer23BPix    1.6     2.5     50.0    70.0    5       0.947699    0.97268     0.997661
Run3Summer23BPix    1.6     2.5     70.0    100.0   5       0.93812     0.967153    0.996187
Run3Summer23BPix    1.6     2.5     100.0   140.0   5       0.928263    0.966689    1.005114
Run3Summer23BPix    1.6     2.5     140.0   200.0   5       0.903289    0.972966    1.042642
Run3Summer23BPix    1.6     2.5     200.0   300.0   5       0.933641    0.989827    1.046014
Run3Summer23BPix    1.6     2.5     300.0   600.0   5       0.984184    1.040253    1.096322
Run3Summer23BPix    1.6     2.5     600.0   1000.0  5       1.019988    1.124527    1.229066
Run3Summer23BPix    0.0     0.8     20.0    30.0    4       0.902852    0.998199    1.093547
Run3Summer23BPix    0.0     0.8     30.0    50.0    4       0.896571    0.983296    1.070021
Run3Summer23BPix    0.0     0.8     50.0    70.0    4       0.897738    0.97268     1.047623
Run3Summer23BPix    0.0     0.8     70.0    100.0   4       0.880053    0.967153    1.054253
Run3Summer23BPix    0.0     0.8     100.0   140.0   4       0.851412    0.966689    1.081965
Run3Summer23BPix    0.0     0.8     140.0   200.0   4       0.763936    0.972966    1.181995
Run3Summer23BPix    0.0     0.8     200.0   300.0   4       0.821268    0.989827    1.158387
Run3Summer23BPix    0.0     0.8     300.0   600.0   4       0.872046    1.040253    1.208461
Run3Summer23BPix    0.0     0.8     600.0   1000.0  4       0.81091     1.124527    1.438144
Run3Summer23BPix    0.8     1.6     20.0    30.0    4       0.902852    0.998199    1.093547
Run3Summer23BPix    0.8     1.6     30.0    50.0    4       0.896571    0.983296    1.070021
Run3Summer23BPix    0.8     1.6     50.0    70.0    4       0.897738    0.97268     1.047623
Run3Summer23BPix    0.8     1.6     70.0    100.0   4       0.880053    0.967153    1.054253
Run3Summer23BPix    0.8     1.6     100.0   140.0   4       0.851412    0.966689    1.081965
Run3Summer23BPix    0.8     1.6     140.0   200.0   4       0.763936    0.972966    1.181995
Run3Summer23BPix    0.8     1.6     200.0   300.0   4       0.821268    0.989827    1.158387
Run3Summer23BPix    0.8     1.6     300.0   600.0   4       0.872046    1.040253    1.208461
Run3Summer23BPix    0.8     1.6     600.0   1000.0  4       0.81091     1.124527    1.438144
Run3Summer23BPix    1.6     2.5     20.0    30.0    4       0.902852    0.998199    1.093547
Run3Summer23BPix    1.6     2.5     30.0    50.0    4       0.896571    0.983296    1.070021
Run3Summer23BPix    1.6     2.5     50.0    70.0    4       0.897738    0.97268     1.047623
Run3Summer23BPix    1.6     2.5     70.0    100.0   4       0.880053    0.967153    1.054253
Run3Summer23BPix    1.6     2.5     100.0   140.0   4       0.851412    0.966689    1.081965
Run3Summer23BPix    1.6     2.5     140.0   200.0   4       0.763936    0.972966    1.181995
Run3Summer23BPix    1.6     2.5     200.0   300.0   4       0.821268    0.989827    1.158387
Run3Summer23BPix    1.6     2.5     300.0   600.0   4       0.872046    1.040253    1.208461
Run3Summer23BPix    1.6     2.5     600.0   1000.0  4       0.81091     1.124527    1.438144
