2016postVFP_UL      -2.5    -2.0    10.0    20.0    -3.1416 3.1416  1.024601    1.039711    1.054822
2016postVFP_UL      -2.5    -2.0    20.0    35.0    -3.1416 3.1416  0.999609    1.015896    1.032183
2016postVFP_UL      -2.5    -2.0    35.0    50.0    -3.1416 3.1416  1.004619    1.008838    1.013057
2016postVFP_UL      -2.5    -2.0    50.0    100.0   -3.1416 3.1416  0.998897    1.003614    1.008332
2016postVFP_UL      -2.5    -2.0    100.0   1500.0  -3.1416 3.1416  1.00496     1.027088    1.049216
2016postVFP_UL      -2.0    -1.566  10.0    20.0    -3.1416 3.1416  0.996205    1.020443    1.044681
2016postVFP_UL      -2.0    -1.566  20.0    35.0    -3.1416 3.1416  0.984863    0.997315    1.009767
2016postVFP_UL      -2.0    -1.566  35.0    50.0    -3.1416 3.1416  0.998146    1.001198    1.004249
2016postVFP_UL      -2.0    -1.566  50.0    100.0   -3.1416 3.1416  0.999263    1.003476    1.007689
2016postVFP_UL      -2.0    -1.566  100.0   1500.0  -3.1416 3.1416  1.010548    1.024608    1.038669
2016postVFP_UL      -1.566  -1.444  10.0    20.0    -3.1416 3.1416  0.0         1.0         2.0
2016postVFP_UL      -1.566  -1.444  20.0    35.0    -3.1416 3.1416  0.0         1.0         2.0
2016postVFP_UL      -1.566  -1.444  35.0    50.0    -3.1416 3.1416  0.0         1.0         2.0
2016postVFP_UL      -1.566  -1.444  50.0    100.0   -3.1416 3.1416  0.0         1.0         2.0
2016postVFP_UL      -1.566  -1.444  100.0   1500.0  -3.1416 3.1416  0.0         1.0         2.0
2016postVFP_UL      -1.444  -0.8    10.0    20.0    -3.1416 3.1416  0.974827    1.00361     1.032393
2016postVFP_UL      -1.444  -0.8    20.0    35.0    -3.1416 3.1416  0.968757    0.983193    0.997629
2016postVFP_UL      -1.444  -0.8    35.0    50.0    -3.1416 3.1416  0.978167    0.982206    0.986246
2016postVFP_UL      -1.444  -0.8    50.0    100.0   -3.1416 3.1416  0.977611    0.982857    0.988103
2016postVFP_UL      -1.444  -0.8    100.0   1500.0  -3.1416 3.1416  0.991313    1.001105    1.010897
2016postVFP_UL      -0.8    0.0     10.0    20.0    -3.1416 3.1416  0.935702    0.958406    0.981109
2016postVFP_UL      -0.8    0.0     20.0    35.0    -3.1416 3.1416  0.950982    0.96477     0.978557
2016postVFP_UL      -0.8    0.0     35.0    50.0    -3.1416 3.1416  0.970547    0.973162    0.975777
2016postVFP_UL      -0.8    0.0     50.0    100.0   -3.1416 3.1416  0.969623    0.971942    0.974261
2016postVFP_UL      -0.8    0.0     100.0   1500.0  -3.1416 3.1416  0.995111    1.003293    1.011475
2016postVFP_UL      0.0     0.8     10.0    20.0    -3.1416 3.1416  0.942814    0.965517    0.988221
2016postVFP_UL      0.0     0.8     20.0    35.0    -3.1416 3.1416  0.971267    0.985054    0.998842
2016postVFP_UL      0.0     0.8     35.0    50.0    -3.1416 3.1416  0.983317    0.985932    0.988547
2016postVFP_UL      0.0     0.8     50.0    100.0   -3.1416 3.1416  0.98077     0.983089    0.985408
2016postVFP_UL      0.0     0.8     100.0   1500.0  -3.1416 3.1416  1.001752    1.009934    1.018115
2016postVFP_UL      0.8     1.444   10.0    20.0    -3.1416 3.1416  0.971548    1.0         1.028452
2016postVFP_UL      0.8     1.444   20.0    35.0    -3.1416 3.1416  0.971459    0.985896    1.000332
2016postVFP_UL      0.8     1.444   35.0    50.0    -3.1416 3.1416  0.983999    0.988038    0.992078
2016postVFP_UL      0.8     1.444   50.0    100.0   -3.1416 3.1416  0.980992    0.986239    0.991485
2016postVFP_UL      0.8     1.444   100.0   1500.0  -3.1416 3.1416  1.000253    1.010045    1.019837
2016postVFP_UL      1.444   1.566   10.0    20.0    -3.1416 3.1416  0.0         1.0         2.0
2016postVFP_UL      1.444   1.566   20.0    35.0    -3.1416 3.1416  0.0         1.0         2.0
2016postVFP_UL      1.444   1.566   35.0    50.0    -3.1416 3.1416  0.0         1.0         2.0
2016postVFP_UL      1.444   1.566   50.0    100.0   -3.1416 3.1416  0.0         1.0         2.0
2016postVFP_UL      1.444   1.566   100.0   1500.0  -3.1416 3.1416  0.0         1.0         2.0
2016postVFP_UL      1.566   2.0     10.0    20.0    -3.1416 3.1416  1.000025    1.024263    1.048502
2016postVFP_UL      1.566   2.0     20.0    35.0    -3.1416 3.1416  0.975353    0.987805    1.000257
2016postVFP_UL      1.566   2.0     35.0    50.0    -3.1416 3.1416  0.992164    0.995215    0.998267
2016postVFP_UL      1.566   2.0     50.0    100.0   -3.1416 3.1416  0.987695    0.991908    0.996121
2016postVFP_UL      1.566   2.0     100.0   1500.0  -3.1416 3.1416  0.980636    0.99453     1.008423
2016postVFP_UL      2.0     2.5     10.0    20.0    -3.1416 3.1416  1.007577    1.022688    1.037798
2016postVFP_UL      2.0     2.5     20.0    35.0    -3.1416 3.1416  0.995142    1.011429    1.027716
2016postVFP_UL      2.0     2.5     35.0    50.0    -3.1416 3.1416  0.992022    0.996241    1.00046
2016postVFP_UL      2.0     2.5     50.0    100.0   -3.1416 3.1416  0.983363    0.988081    0.992799
2016postVFP_UL      2.0     2.5     100.0   1500.0  -3.1416 3.1416  0.984804    1.006764    1.028725
2016preVFP_UL       -2.5    -2.0    10.0    20.0    -3.1416 3.1416  1.058324    1.081937    1.10555
2016preVFP_UL       -2.5    -2.0    20.0    35.0    -3.1416 3.1416  1.013396    1.030792    1.048188
2016preVFP_UL       -2.5    -2.0    35.0    50.0    -3.1416 3.1416  1.011062    1.015228    1.019394
2016preVFP_UL       -2.5    -2.0    50.0    100.0   -3.1416 3.1416  0.994683    1.002407    1.010131
2016preVFP_UL       -2.5    -2.0    100.0   1500.0  -3.1416 3.1416  0.998546    1.016037    1.033528
2016preVFP_UL       -2.0    -1.566  10.0    20.0    -3.1416 3.1416  1.031788    1.065744    1.0997
2016preVFP_UL       -2.0    -1.566  20.0    35.0    -3.1416 3.1416  1.004198    1.017687    1.031176
2016preVFP_UL       -2.0    -1.566  35.0    50.0    -3.1416 3.1416  1.008372    1.012034    1.015696
2016preVFP_UL       -2.0    -1.566  50.0    100.0   -3.1416 3.1416  0.999445    1.00463     1.009815
2016preVFP_UL       -2.0    -1.566  100.0   1500.0  -3.1416 3.1416  1.012931    1.024554    1.036176
2016preVFP_UL       -1.566  -1.444  10.0    20.0    -3.1416 3.1416  0.0         1.0         2.0
2016preVFP_UL       -1.566  -1.444  20.0    35.0    -3.1416 3.1416  0.0         1.0         2.0
2016preVFP_UL       -1.566  -1.444  35.0    50.0    -3.1416 3.1416  0.0         1.0         2.0
2016preVFP_UL       -1.566  -1.444  50.0    100.0   -3.1416 3.1416  0.0         1.0         2.0
2016preVFP_UL       -1.566  -1.444  100.0   1500.0  -3.1416 3.1416  0.0         1.0         2.0
2016preVFP_UL       -1.444  -0.8    10.0    20.0    -3.1416 3.1416  1.007429    1.038674    1.069919
2016preVFP_UL       -1.444  -0.8    20.0    35.0    -3.1416 3.1416  0.979861    0.995745    1.011628
2016preVFP_UL       -1.444  -0.8    35.0    50.0    -3.1416 3.1416  0.987173    0.990408    0.993642
2016preVFP_UL       -1.444  -0.8    50.0    100.0   -3.1416 3.1416  0.985882    0.989619    0.993357
2016preVFP_UL       -1.444  -0.8    100.0   1500.0  -3.1416 3.1416  0.991894    1.002232    1.012571
2016preVFP_UL       -0.8    0.0     10.0    20.0    -3.1416 3.1416  0.956643    0.983929    1.011215
2016preVFP_UL       -0.8    0.0     20.0    35.0    -3.1416 3.1416  0.958063    0.972337    0.986612
2016preVFP_UL       -0.8    0.0     35.0    50.0    -3.1416 3.1416  0.967058    0.969267    0.971476
2016preVFP_UL       -0.8    0.0     50.0    100.0   -3.1416 3.1416  0.96223     0.969318    0.976407
2016preVFP_UL       -0.8    0.0     100.0   1500.0  -3.1416 3.1416  0.979812    0.988914    0.998015
2016preVFP_UL       0.0     0.8     10.0    20.0    -3.1416 3.1416  0.963927    0.991213    1.018499
2016preVFP_UL       0.0     0.8     20.0    35.0    -3.1416 3.1416  0.967868    0.982143    0.996417
2016preVFP_UL       0.0     0.8     35.0    50.0    -3.1416 3.1416  0.977744    0.979953    0.982162
2016preVFP_UL       0.0     0.8     50.0    100.0   -3.1416 3.1416  0.970236    0.977324    0.984413
2016preVFP_UL       0.0     0.8     100.0   1500.0  -3.1416 3.1416  0.992009    1.001111    1.010213
2016preVFP_UL       0.8     1.444   10.0    20.0    -3.1416 3.1416  1.038081    1.069418    1.100756
2016preVFP_UL       0.8     1.444   20.0    35.0    -3.1416 3.1416  0.986974    1.002857    1.01874
2016preVFP_UL       0.8     1.444   35.0    50.0    -3.1416 3.1416  0.989545    0.99278     0.996014
2016preVFP_UL       0.8     1.444   50.0    100.0   -3.1416 3.1416  0.984729    0.988466    0.992203
2016preVFP_UL       0.8     1.444   100.0   1500.0  -3.1416 3.1416  1.000797    1.011136    1.021474
2016preVFP_UL       1.444   1.566   10.0    20.0    -3.1416 3.1416  0.0         1.0         2.0
2016preVFP_UL       1.444   1.566   20.0    35.0    -3.1416 3.1416  0.0         1.0         2.0
2016preVFP_UL       1.444   1.566   35.0    50.0    -3.1416 3.1416  0.0         1.0         2.0
2016preVFP_UL       1.444   1.566   50.0    100.0   -3.1416 3.1416  0.0         1.0         2.0
2016preVFP_UL       1.444   1.566   100.0   1500.0  -3.1416 3.1416  0.0         1.0         2.0
2016preVFP_UL       1.566   2.0     10.0    20.0    -3.1416 3.1416  1.001158    1.035211    1.069265
2016preVFP_UL       1.566   2.0     20.0    35.0    -3.1416 3.1416  0.996113    1.009602    1.023092
2016preVFP_UL       1.566   2.0     35.0    50.0    -3.1416 3.1416  1.005976    1.009639    1.013301
2016preVFP_UL       1.566   2.0     50.0    100.0   -3.1416 3.1416  1.004106    1.009292    1.014477
2016preVFP_UL       1.566   2.0     100.0   1500.0  -3.1416 3.1416  0.979657    0.991101    1.002546
2016preVFP_UL       2.0     2.5     10.0    20.0    -3.1416 3.1416  1.059886    1.083333    1.106781
2016preVFP_UL       2.0     2.5     20.0    35.0    -3.1416 3.1416  1.002953    1.020349    1.037745
2016preVFP_UL       2.0     2.5     35.0    50.0    -3.1416 3.1416  1.007284    1.01145     1.015617
2016preVFP_UL       2.0     2.5     50.0    100.0   -3.1416 3.1416  0.997113    1.004837    1.012561
2016preVFP_UL       2.0     2.5     100.0   1500.0  -3.1416 3.1416  1.016916    1.034602    1.052288
2017_UL             -2.5    -2.0    10.0    20.0    -3.1416 3.1416  1.04289     1.064151    1.085412
2017_UL             -2.5    -2.0    20.0    35.0    -3.1416 3.1416  0.991978    1.011577    1.031177
2017_UL             -2.5    -2.0    35.0    50.0    -3.1416 3.1416  0.996514    1.0         1.003486
2017_UL             -2.5    -2.0    50.0    100.0   -3.1416 3.1416  0.991759    0.998812    1.005866
2017_UL             -2.5    -2.0    100.0   200.0   -3.1416 3.1416  0.975448    0.996644    1.01784
2017_UL             -2.5    -2.0    200.0   1500.0  -3.1416 3.1416  1.009209    1.081703    1.154197
2017_UL             -2.0    -1.566  10.0    20.0    -3.1416 3.1416  1.017244    1.036918    1.056592
2017_UL             -2.0    -1.566  20.0    35.0    -3.1416 3.1416  0.975377    0.986859    0.998342
2017_UL             -2.0    -1.566  35.0    50.0    -3.1416 3.1416  0.990641    0.992982    0.995324
2017_UL             -2.0    -1.566  50.0    100.0   -3.1416 3.1416  0.988774    0.993228    0.997682
2017_UL             -2.0    -1.566  100.0   200.0   -3.1416 3.1416  0.990311    1.0044      1.01849
2017_UL             -2.0    -1.566  200.0   1500.0  -3.1416 3.1416  0.966506    1.006564    1.046623
2017_UL             -1.566  -1.444  10.0    20.0    -3.1416 3.1416  0.0         1.0         2.0
2017_UL             -1.566  -1.444  20.0    35.0    -3.1416 3.1416  0.0         1.0         2.0
2017_UL             -1.566  -1.444  35.0    50.0    -3.1416 3.1416  0.0         1.0         2.0
2017_UL             -1.566  -1.444  50.0    100.0   -3.1416 3.1416  0.0         1.0         2.0
2017_UL             -1.566  -1.444  100.0   200.0   -3.1416 3.1416  0.0         1.0         2.0
2017_UL             -1.566  -1.444  200.0   1500.0  -3.1416 3.1416  0.0         1.0         2.0
2017_UL             -1.444  -0.8    10.0    20.0    -3.1416 3.1416  1.005109    1.037175    1.06924
2017_UL             -1.444  -0.8    20.0    35.0    -3.1416 3.1416  0.969947    0.986092    1.002236
2017_UL             -1.444  -0.8    35.0    50.0    -3.1416 3.1416  0.976482    0.979976    0.983471
2017_UL             -1.444  -0.8    50.0    100.0   -3.1416 3.1416  0.976259    0.979707    0.983155
2017_UL             -1.444  -0.8    100.0   200.0   -3.1416 3.1416  0.999625    1.012048    1.024471
2017_UL             -1.444  -0.8    200.0   1500.0  -3.1416 3.1416  0.986145    1.009709    1.033273
2017_UL             -0.8    0.0     10.0    20.0    -3.1416 3.1416  0.970664    0.990809    1.010954
2017_UL             -0.8    0.0     20.0    35.0    -3.1416 3.1416  0.951804    0.964722    0.977639
2017_UL             -0.8    0.0     35.0    50.0    -3.1416 3.1416  0.967181    0.969838    0.972494
2017_UL             -0.8    0.0     50.0    100.0   -3.1416 3.1416  0.966757    0.972129    0.977502
2017_UL             -0.8    0.0     100.0   200.0   -3.1416 3.1416  0.986098    0.993514    1.000929
2017_UL             -0.8    0.0     200.0   1500.0  -3.1416 3.1416  0.990581    1.015368    1.040154
2017_UL             0.0     0.8     10.0    20.0    -3.1416 3.1416  0.992393    1.012635    1.032878
2017_UL             0.0     0.8     20.0    35.0    -3.1416 3.1416  0.960128    0.973046    0.985963
2017_UL             0.0     0.8     35.0    50.0    -3.1416 3.1416  0.974168    0.976825    0.979482
2017_UL             0.0     0.8     50.0    100.0   -3.1416 3.1416  0.973469    0.978842    0.984214
2017_UL             0.0     0.8     100.0   200.0   -3.1416 3.1416  0.989338    0.996753    1.004169
2017_UL             0.0     0.8     200.0   1500.0  -3.1416 3.1416  0.984117    1.008715    1.033312
2017_UL             0.8     1.444   10.0    20.0    -3.1416 3.1416  0.973531    1.005597    1.037662
2017_UL             0.8     1.444   20.0    35.0    -3.1416 3.1416  0.976823    0.992968    1.009112
2017_UL             0.8     1.444   35.0    50.0    -3.1416 3.1416  0.979918    0.983412    0.986907
2017_UL             0.8     1.444   50.0    100.0   -3.1416 3.1416  0.979439    0.983012    0.986586
2017_UL             0.8     1.444   100.0   200.0   -3.1416 3.1416  0.999639    1.012061    1.024484
2017_UL             0.8     1.444   200.0   1500.0  -3.1416 3.1416  0.992233    1.016008    1.039784
2017_UL             1.444   1.566   10.0    20.0    -3.1416 3.1416  0.0         1.0         2.0
2017_UL             1.444   1.566   20.0    35.0    -3.1416 3.1416  0.0         1.0         2.0
2017_UL             1.444   1.566   35.0    50.0    -3.1416 3.1416  0.0         1.0         2.0
2017_UL             1.444   1.566   50.0    100.0   -3.1416 3.1416  0.0         1.0         2.0
2017_UL             1.444   1.566   100.0   200.0   -3.1416 3.1416  0.0         1.0         2.0
2017_UL             1.444   1.566   200.0   1500.0  -3.1416 3.1416  0.0         1.0         2.0
2017_UL             1.566   2.0     10.0    20.0    -3.1416 3.1416  1.017054    1.036728    1.056402
2017_UL             1.566   2.0     20.0    35.0    -3.1416 3.1416  0.979246    0.990728    1.002211
2017_UL             1.566   2.0     35.0    50.0    -3.1416 3.1416  0.988279    0.990621    0.992963
2017_UL             1.566   2.0     50.0    100.0   -3.1416 3.1416  0.991011    0.995465    0.999918
2017_UL             1.566   2.0     100.0   200.0   -3.1416 3.1416  0.989196    1.003286    1.017375
2017_UL             1.566   2.0     200.0   1500.0  -3.1416 3.1416  0.951508    0.990395    1.029282
2017_UL             2.0     2.5     10.0    20.0    -3.1416 3.1416  1.096163    1.117424    1.138686
2017_UL             2.0     2.5     20.0    35.0    -3.1416 3.1416  0.977527    0.997126    1.016726
2017_UL             2.0     2.5     35.0    50.0    -3.1416 3.1416  1.007778    1.011264    1.01475
2017_UL             2.0     2.5     50.0    100.0   -3.1416 3.1416  0.996437    1.003559    1.01068
2017_UL             2.0     2.5     100.0   200.0   -3.1416 3.1416  0.98473     1.00558     1.026431
2017_UL             2.0     2.5     200.0   1500.0  -3.1416 3.1416  0.958404    1.02416     1.089916
2018_UL             -2.5    -2.0    10.0    20.0    -3.1416 3.1416  1.032222    1.056818    1.081414
2018_UL             -2.5    -2.0    20.0    35.0    -3.1416 3.1416  0.986354    1.001416    1.016479
2018_UL             -2.5    -2.0    35.0    50.0    -3.1416 3.1416  0.991794    0.995098    0.998402
2018_UL             -2.5    -2.0    50.0    100.0   -3.1416 3.1416  0.987543    0.991803    0.996063
2018_UL             -2.5    -2.0    100.0   200.0   -3.1416 3.1416  0.987061    1.0         1.012939
2018_UL             -2.5    -2.0    200.0   1500.0  -3.1416 3.1416  0.935577    0.989166    1.042755
2018_UL             -2.0    -1.566  10.0    20.0    -3.1416 3.1416  1.016737    1.035313    1.053889
2018_UL             -2.0    -1.566  20.0    35.0    -3.1416 3.1416  0.973888    0.987047    1.000206
2018_UL             -2.0    -1.566  35.0    50.0    -3.1416 3.1416  0.983411    0.986127    0.988843
2018_UL             -2.0    -1.566  50.0    100.0   -3.1416 3.1416  0.982895    0.986532    0.990169
2018_UL             -2.0    -1.566  100.0   200.0   -3.1416 3.1416  0.985803    0.997824    1.009844
2018_UL             -2.0    -1.566  200.0   1500.0  -3.1416 3.1416  1.014293    1.04281     1.071327
2018_UL             -1.566  -1.444  10.0    20.0    -3.1416 3.1416  0.0         1.0         2.0
2018_UL             -1.566  -1.444  20.0    35.0    -3.1416 3.1416  0.0         1.0         2.0
2018_UL             -1.566  -1.444  35.0    50.0    -3.1416 3.1416  0.0         1.0         2.0
2018_UL             -1.566  -1.444  50.0    100.0   -3.1416 3.1416  0.0         1.0         2.0
2018_UL             -1.566  -1.444  100.0   200.0   -3.1416 3.1416  0.0         1.0         2.0
2018_UL             -1.566  -1.444  200.0   1500.0  -3.1416 3.1416  0.0         1.0         2.0
2018_UL             -1.444  -0.8    10.0    20.0    -3.1416 3.1416  0.997155    1.015748    1.034341
2018_UL             -1.444  -0.8    20.0    35.0    -3.1416 3.1416  0.944955    0.958449    0.971943
2018_UL             -1.444  -0.8    35.0    50.0    -3.1416 3.1416  0.962287    0.964789    0.96729
2018_UL             -1.444  -0.8    50.0    100.0   -3.1416 3.1416  0.960538    0.966216    0.971894
2018_UL             -1.444  -0.8    100.0   200.0   -3.1416 3.1416  0.991961    1.002186    1.012411
2018_UL             -1.444  -0.8    200.0   1500.0  -3.1416 3.1416  0.985177    1.005376    1.025576
2018_UL             -0.8    0.0     10.0    20.0    -3.1416 3.1416  0.936634    0.970703    1.004773
2018_UL             -0.8    0.0     20.0    35.0    -3.1416 3.1416  0.951911    0.967347    0.982783
2018_UL             -0.8    0.0     35.0    50.0    -3.1416 3.1416  0.966215    0.968678    0.97114
2018_UL             -0.8    0.0     50.0    100.0   -3.1416 3.1416  0.967542    0.970982    0.974422
2018_UL             -0.8    0.0     100.0   200.0   -3.1416 3.1416  0.980062    0.990217    1.000372
2018_UL             -0.8    0.0     200.0   1500.0  -3.1416 3.1416  0.999251    1.013001    1.026751
2018_UL             0.0     0.8     10.0    20.0    -3.1416 3.1416  0.946773    0.980843    1.014912
2018_UL             0.0     0.8     20.0    35.0    -3.1416 3.1416  0.957463    0.9729      0.988336
2018_UL             0.0     0.8     35.0    50.0    -3.1416 3.1416  0.970825    0.973287    0.975749
2018_UL             0.0     0.8     50.0    100.0   -3.1416 3.1416  0.969774    0.973214    0.976654
2018_UL             0.0     0.8     100.0   200.0   -3.1416 3.1416  0.995298    1.005453    1.015608
2018_UL             0.0     0.8     200.0   1500.0  -3.1416 3.1416  0.996058    1.009646    1.023234
2018_UL             0.8     1.444   10.0    20.0    -3.1416 3.1416  0.989179    1.007843    1.026507
2018_UL             0.8     1.444   20.0    35.0    -3.1416 3.1416  0.951541    0.965035    0.978529
2018_UL             0.8     1.444   35.0    50.0    -3.1416 3.1416  0.964323    0.966825    0.969326
2018_UL             0.8     1.444   50.0    100.0   -3.1416 3.1416  0.96371     0.969388    0.975066
2018_UL             0.8     1.444   100.0   200.0   -3.1416 3.1416  0.995257    1.005482    1.015708
2018_UL             0.8     1.444   200.0   1500.0  -3.1416 3.1416  0.99168     1.011905    1.032129
2018_UL             1.444   1.566   10.0    20.0    -3.1416 3.1416  0.0         1.0         2.0
2018_UL             1.444   1.566   20.0    35.0    -3.1416 3.1416  0.0         1.0         2.0
2018_UL             1.444   1.566   35.0    50.0    -3.1416 3.1416  0.0         1.0         2.0
2018_UL             1.444   1.566   50.0    100.0   -3.1416 3.1416  0.0         1.0         2.0
2018_UL             1.444   1.566   100.0   200.0   -3.1416 3.1416  0.0         1.0         2.0
2018_UL             1.444   1.566   200.0   1500.0  -3.1416 3.1416  0.0         1.0         2.0
2018_UL             1.566   2.0     10.0    20.0    -3.1416 3.1416  0.983053    1.001629    1.020204
2018_UL             1.566   2.0     20.0    35.0    -3.1416 3.1416  0.961939    0.975098    0.988257
2018_UL             1.566   2.0     35.0    50.0    -3.1416 3.1416  0.977562    0.980278    0.982994
2018_UL             1.566   2.0     50.0    100.0   -3.1416 3.1416  0.976161    0.979798    0.983435
2018_UL             1.566   2.0     100.0   200.0   -3.1416 3.1416  0.984701    0.996721    1.008742
2018_UL             1.566   2.0     200.0   1500.0  -3.1416 3.1416  1.005254    1.034521    1.063788
2018_UL             2.0     2.5     10.0    20.0    -3.1416 3.1416  1.011052    1.035647    1.060243
2018_UL             2.0     2.5     20.0    35.0    -3.1416 3.1416  0.973622    0.988685    1.003747
2018_UL             2.0     2.5     35.0    50.0    -3.1416 3.1416  0.981954    0.985258    0.988562
2018_UL             2.0     2.5     50.0    100.0   -3.1416 3.1416  0.975857    0.980117    0.984377
2018_UL             2.0     2.5     100.0   200.0   -3.1416 3.1416  0.972655    0.985459    0.998263
2018_UL             2.0     2.5     200.0   1500.0  -3.1416 3.1416  0.881451    0.933747    0.986044
Run3Summer22        -2.5    -2.0    10.0    20.0    -3.1416 3.1416  1.009396    1.035559    1.061721
Run3Summer22        -2.5    -2.0    20.0    35.0    -3.1416 3.1416  0.972757    0.996854    1.020952
Run3Summer22        -2.5    -2.0    35.0    50.0    -3.1416 3.1416  0.989498    0.994572    0.999646
Run3Summer22        -2.5    -2.0    50.0    100.0   -3.1416 3.1416  0.983257    0.989806    0.996355
Run3Summer22        -2.5    -2.0    100.0   1500.0  -3.1416 3.1416  0.974689    0.98872     1.002752
Run3Summer22        -2.0    -1.566  10.0    20.0    -3.1416 3.1416  0.991283    1.012273    1.033264
Run3Summer22        -2.0    -1.566  20.0    35.0    -3.1416 3.1416  0.955535    0.987707    1.019878
Run3Summer22        -2.0    -1.566  35.0    50.0    -3.1416 3.1416  0.972552    0.977581    0.98261
Run3Summer22        -2.0    -1.566  50.0    100.0   -3.1416 3.1416  0.95861     0.971562    0.984513
Run3Summer22        -2.0    -1.566  100.0   1500.0  -3.1416 3.1416  0.975263    0.990994    1.006725
Run3Summer22        -1.566  -1.444  10.0    20.0    -3.1416 3.1416  0.952847    1.079364    1.205881
Run3Summer22        -1.566  -1.444  20.0    35.0    -3.1416 3.1416  0.965785    1.039062    1.112338
Run3Summer22        -1.566  -1.444  35.0    50.0    -3.1416 3.1416  0.998095    1.00307     1.008046
Run3Summer22        -1.566  -1.444  50.0    100.0   -3.1416 3.1416  0.996293    1.025374    1.054456
Run3Summer22        -1.566  -1.444  100.0   1500.0  -3.1416 3.1416  1.042501    1.089562    1.136623
Run3Summer22        -1.444  -0.8    10.0    20.0    -3.1416 3.1416  0.927221    0.958153    0.989085
Run3Summer22        -1.444  -0.8    20.0    35.0    -3.1416 3.1416  0.919976    0.949565    0.979154
Run3Summer22        -1.444  -0.8    35.0    50.0    -3.1416 3.1416  0.961886    0.963833    0.96578
Run3Summer22        -1.444  -0.8    50.0    100.0   -3.1416 3.1416  0.957575    0.960374    0.963173
Run3Summer22        -1.444  -0.8    100.0   1500.0  -3.1416 3.1416  0.983962    1.000971    1.017979
Run3Summer22        -0.8    0.0     10.0    20.0    -3.1416 3.1416  0.964324    0.997734    1.031144
Run3Summer22        -0.8    0.0     20.0    35.0    -3.1416 3.1416  0.952567    0.970427    0.988287
Run3Summer22        -0.8    0.0     35.0    50.0    -3.1416 3.1416  0.971752    0.975139    0.978526
Run3Summer22        -0.8    0.0     50.0    100.0   -3.1416 3.1416  0.966316    0.968759    0.971202
Run3Summer22        -0.8    0.0     100.0   1500.0  -3.1416 3.1416  0.947813    0.984063    1.020312
Run3Summer22        0.0     0.8     10.0    20.0    -3.1416 3.1416  0.901309    0.934828    0.968348
Run3Summer22        0.0     0.8     20.0    35.0    -3.1416 3.1416  0.946209    0.964068    0.981927
Run3Summer22        0.0     0.8     35.0    50.0    -3.1416 3.1416  0.965401    0.968788    0.972175
Run3Summer22        0.0     0.8     50.0    100.0   -3.1416 3.1416  0.962171    0.964603    0.967036
Run3Summer22        0.0     0.8     100.0   1500.0  -3.1416 3.1416  0.948214    0.984474    1.020734
Run3Summer22        0.8     1.444   10.0    20.0    -3.1416 3.1416  0.921079    0.952032    0.982984
Run3Summer22        0.8     1.444   20.0    35.0    -3.1416 3.1416  0.909018    0.938589    0.968159
Run3Summer22        0.8     1.444   35.0    50.0    -3.1416 3.1416  0.958765    0.960712    0.962659
Run3Summer22        0.8     1.444   50.0    100.0   -3.1416 3.1416  0.957257    0.960359    0.963462
Run3Summer22        0.8     1.444   100.0   1500.0  -3.1416 3.1416  0.979908    0.99702     1.014132
Run3Summer22        1.444   1.566   10.0    20.0    -3.1416 3.1416  1.034914    1.161719    1.288524
Run3Summer22        1.444   1.566   20.0    35.0    -3.1416 3.1416  0.890094    0.963304    1.036514
Run3Summer22        1.444   1.566   35.0    50.0    -3.1416 3.1416  0.988541    0.993483    0.998425
Run3Summer22        1.444   1.566   50.0    100.0   -3.1416 3.1416  0.989093    1.016183    1.043274
Run3Summer22        1.444   1.566   100.0   1500.0  -3.1416 3.1416  0.922156    0.968574    1.014992
Run3Summer22        1.566   2.0     10.0    20.0    -3.1416 3.1416  1.016614    1.038263    1.059911
Run3Summer22        1.566   2.0     20.0    35.0    -3.1416 3.1416  0.946714    0.978878    1.011042
Run3Summer22        1.566   2.0     35.0    50.0    -3.1416 3.1416  0.973088    0.978054    0.983019
Run3Summer22        1.566   2.0     50.0    100.0   -3.1416 3.1416  0.959008    0.971942    0.984876
Run3Summer22        1.566   2.0     100.0   1500.0  -3.1416 3.1416  0.967122    0.982018    0.996914
Run3Summer22        2.0     2.5     10.0    20.0    -3.1416 3.1416  1.000832    1.026786    1.05274
Run3Summer22        2.0     2.5     20.0    35.0    -3.1416 3.1416  0.961296    0.984761    1.008225
Run3Summer22        2.0     2.5     35.0    50.0    -3.1416 3.1416  0.982005    0.987086    0.992167
Run3Summer22        2.0     2.5     50.0    100.0   -3.1416 3.1416  0.971134    0.977708    0.984281
Run3Summer22        2.0     2.5     100.0   1500.0  -3.1416 3.1416  0.969751    0.983477    0.997204
Run3Summer22EE      -2.5    -2.0    10.0    20.0    -3.1416 3.1416  1.06439     1.091567    1.118744
Run3Summer22EE      -2.5    -2.0    20.0    35.0    -3.1416 3.1416  1.010839    1.03273     1.054621
Run3Summer22EE      -2.5    -2.0    35.0    50.0    -3.1416 3.1416  1.012994    1.016926    1.020858
Run3Summer22EE      -2.5    -2.0    50.0    100.0   -3.1416 3.1416  0.997147    1.001495    1.005843
Run3Summer22EE      -2.5    -2.0    100.0   1500.0  -3.1416 3.1416  0.991895    0.999453    1.00701
Run3Summer22EE      -2.0    -1.566  10.0    20.0    -3.1416 3.1416  1.053541    1.076114    1.098686
Run3Summer22EE      -2.0    -1.566  20.0    35.0    -3.1416 3.1416  0.978714    1.011913    1.045113
Run3Summer22EE      -2.0    -1.566  35.0    50.0    -3.1416 3.1416  0.982549    0.989964    0.997379
Run3Summer22EE      -2.0    -1.566  50.0    100.0   -3.1416 3.1416  0.971408    0.977731    0.984054
Run3Summer22EE      -2.0    -1.566  100.0   1500.0  -3.1416 3.1416  1.006392    1.016955    1.027519
Run3Summer22EE      -1.566  -1.444  10.0    20.0    -3.1416 3.1416  0.064145    0.58661     1.109074
Run3Summer22EE      -1.566  -1.444  20.0    35.0    -3.1416 3.1416  0.819451    1.027967    1.236483
Run3Summer22EE      -1.566  -1.444  35.0    50.0    -3.1416 3.1416  1.006334    1.013917    1.0215
Run3Summer22EE      -1.566  -1.444  50.0    100.0   -3.1416 3.1416  0.976603    1.036436    1.096268
Run3Summer22EE      -1.566  -1.444  100.0   1500.0  -3.1416 3.1416  1.010185    1.059453    1.108722
Run3Summer22EE      -1.444  -0.8    10.0    20.0    -3.1416 3.1416  0.825212    0.861142    0.897073
Run3Summer22EE      -1.444  -0.8    20.0    35.0    -3.1416 3.1416  0.852744    0.876627    0.900511
Run3Summer22EE      -1.444  -0.8    35.0    50.0    -3.1416 3.1416  0.917568    0.919512    0.921456
Run3Summer22EE      -1.444  -0.8    50.0    100.0   -3.1416 3.1416  0.928035    0.930636    0.933237
Run3Summer22EE      -1.444  -0.8    100.0   1500.0  -3.1416 3.1416  0.965312    0.980092    0.994871
Run3Summer22EE      -0.8    0.0     10.0    20.0    -3.1416 3.1416  0.829579    0.853856    0.878133
Run3Summer22EE      -0.8    0.0     20.0    35.0    -3.1416 3.1416  0.892824    0.903048    0.913272
Run3Summer22EE      -0.8    0.0     35.0    50.0    -3.1416 3.1416  0.93403     0.935815    0.937601
Run3Summer22EE      -0.8    0.0     50.0    100.0   -3.1416 3.1416  0.936598    0.942961    0.949324
Run3Summer22EE      -0.8    0.0     100.0   1500.0  -3.1416 3.1416  0.951864    0.986992    1.022119
Run3Summer22EE      0.0     0.8     10.0    20.0    -3.1416 3.1416  0.808451    0.832982    0.857513
Run3Summer22EE      0.0     0.8     20.0    35.0    -3.1416 3.1416  0.876484    0.886709    0.896933
Run3Summer22EE      0.0     0.8     35.0    50.0    -3.1416 3.1416  0.923374    0.92516     0.926945
Run3Summer22EE      0.0     0.8     50.0    100.0   -3.1416 3.1416  0.928966    0.935329    0.941693
Run3Summer22EE      0.0     0.8     100.0   1500.0  -3.1416 3.1416  0.946424    0.981525    1.016626
Run3Summer22EE      0.8     1.444   10.0    20.0    -3.1416 3.1416  0.817673    0.853613    0.889553
Run3Summer22EE      0.8     1.444   20.0    35.0    -3.1416 3.1416  0.846053    0.869924    0.893795
Run3Summer22EE      0.8     1.444   35.0    50.0    -3.1416 3.1416  0.912995    0.914939    0.916883
Run3Summer22EE      0.8     1.444   50.0    100.0   -3.1416 3.1416  0.925512    0.928113    0.930714
Run3Summer22EE      0.8     1.444   100.0   1500.0  -3.1416 3.1416  0.977656    0.991497    1.005338
Run3Summer22EE      1.444   1.566   10.0    20.0    -3.1416 3.1416  0.595937    1.11861     1.641282
Run3Summer22EE      1.444   1.566   20.0    35.0    -3.1416 3.1416  0.810994    1.019517    1.22804
Run3Summer22EE      1.444   1.566   35.0    50.0    -3.1416 3.1416  1.004321    1.01191     1.019499
Run3Summer22EE      1.444   1.566   50.0    100.0   -3.1416 3.1416  0.969711    1.029523    1.089335
Run3Summer22EE      1.444   1.566   100.0   1500.0  -3.1416 3.1416  0.997377    1.047389    1.097401
Run3Summer22EE      1.566   2.0     10.0    20.0    -3.1416 3.1416  1.052035    1.074693    1.097351
Run3Summer22EE      1.566   2.0     20.0    35.0    -3.1416 3.1416  0.979024    1.012244    1.045465
Run3Summer22EE      1.566   2.0     35.0    50.0    -3.1416 3.1416  0.982203    0.989618    0.997033
Run3Summer22EE      1.566   2.0     50.0    100.0   -3.1416 3.1416  0.97133     0.977676    0.984022
Run3Summer22EE      1.566   2.0     100.0   1500.0  -3.1416 3.1416  0.989545    0.999968    1.010391
Run3Summer22EE      2.0     2.5     10.0    20.0    -3.1416 3.1416  1.051948    1.079149    1.106349
Run3Summer22EE      2.0     2.5     20.0    35.0    -3.1416 3.1416  1.002565    1.024436    1.046307
Run3Summer22EE      2.0     2.5     35.0    50.0    -3.1416 3.1416  1.008193    1.012125    1.016057
Run3Summer22EE      2.0     2.5     50.0    100.0   -3.1416 3.1416  0.99334     0.997772    1.002204
Run3Summer22EE      2.0     2.5     100.0   1500.0  -3.1416 3.1416  0.982601    0.990282    0.997963
Run3Summer23        -2.5    -2.0    10.0    20.0    -3.1416 -1.2    1.060363    1.080836    1.10131
Run3Summer23        -2.5    -2.0    10.0    20.0    -1.2    -0.8    1.060363    1.080836    1.10131
Run3Summer23        -2.5    -2.0    10.0    20.0    -0.8    3.1416  1.060363    1.080836    1.10131
Run3Summer23        -2.5    -2.0    20.0    35.0    -3.1416 -1.2    0.995253    1.014715    1.034177
Run3Summer23        -2.5    -2.0    20.0    35.0    -1.2    -0.8    0.995253    1.014715    1.034177
Run3Summer23        -2.5    -2.0    20.0    35.0    -0.8    3.1416  0.995253    1.014715    1.034177
Run3Summer23        -2.5    -2.0    35.0    50.0    -3.1416 -1.2    0.995101    1.000538    1.005976
Run3Summer23        -2.5    -2.0    35.0    50.0    -1.2    -0.8    0.995101    1.000538    1.005976
Run3Summer23        -2.5    -2.0    35.0    50.0    -0.8    3.1416  0.995101    1.000538    1.005976
Run3Summer23        -2.5    -2.0    50.0    100.0   -3.1416 -1.2    0.985145    0.991599    0.998052
Run3Summer23        -2.5    -2.0    50.0    100.0   -1.2    -0.8    0.985145    0.991599    0.998052
Run3Summer23        -2.5    -2.0    50.0    100.0   -0.8    3.1416  0.985145    0.991599    0.998052
Run3Summer23        -2.5    -2.0    100.0   1500.0  -3.1416 -1.2    0.985264    1.002002    1.018739
Run3Summer23        -2.5    -2.0    100.0   1500.0  -1.2    -0.8    0.985264    1.002002    1.018739
Run3Summer23        -2.5    -2.0    100.0   1500.0  -0.8    3.1416  0.985264    1.002002    1.018739
Run3Summer23        -2.0    -1.566  10.0    20.0    -3.1416 -1.2    1.067418    1.080748    1.094077
Run3Summer23        -2.0    -1.566  10.0    20.0    -1.2    -0.8    1.067418    1.080748    1.094077
Run3Summer23        -2.0    -1.566  10.0    20.0    -0.8    3.1416  1.067418    1.080748    1.094077
Run3Summer23        -2.0    -1.566  20.0    35.0    -3.1416 -1.2    0.969456    0.999264    1.029072
Run3Summer23        -2.0    -1.566  20.0    35.0    -1.2    -0.8    0.969456    0.999264    1.029072
Run3Summer23        -2.0    -1.566  20.0    35.0    -0.8    3.1416  0.969456    0.999264    1.029072
Run3Summer23        -2.0    -1.566  35.0    50.0    -3.1416 -1.2    0.980036    0.983189    0.986342
Run3Summer23        -2.0    -1.566  35.0    50.0    -1.2    -0.8    0.980036    0.983189    0.986342
Run3Summer23        -2.0    -1.566  35.0    50.0    -0.8    3.1416  0.980036    0.983189    0.986342
Run3Summer23        -2.0    -1.566  50.0    100.0   -3.1416 -1.2    0.963107    0.971285    0.979463
Run3Summer23        -2.0    -1.566  50.0    100.0   -1.2    -0.8    0.963107    0.971285    0.979463
Run3Summer23        -2.0    -1.566  50.0    100.0   -0.8    3.1416  0.963107    0.971285    0.979463
Run3Summer23        -2.0    -1.566  100.0   1500.0  -3.1416 -1.2    1.002719    1.020203    1.037687
Run3Summer23        -2.0    -1.566  100.0   1500.0  -1.2    -0.8    1.002719    1.020203    1.037687
Run3Summer23        -2.0    -1.566  100.0   1500.0  -0.8    3.1416  1.002719    1.020203    1.037687
Run3Summer23        -1.566  -1.444  10.0    20.0    -3.1416 -1.2    0.627938    1.282802    1.937667
Run3Summer23        -1.566  -1.444  10.0    20.0    -1.2    -0.8    0.627938    1.282802    1.937667
Run3Summer23        -1.566  -1.444  10.0    20.0    -0.8    3.1416  0.627938    1.282802    1.937667
Run3Summer23        -1.566  -1.444  20.0    35.0    -3.1416 -1.2    0.921973    1.094735    1.267496
Run3Summer23        -1.566  -1.444  20.0    35.0    -1.2    -0.8    0.921973    1.094735    1.267496
Run3Summer23        -1.566  -1.444  20.0    35.0    -0.8    3.1416  0.921973    1.094735    1.267496
Run3Summer23        -1.566  -1.444  35.0    50.0    -3.1416 -1.2    1.031997    1.060426    1.088854
Run3Summer23        -1.566  -1.444  35.0    50.0    -1.2    -0.8    1.031997    1.060426    1.088854
Run3Summer23        -1.566  -1.444  35.0    50.0    -0.8    3.1416  1.031997    1.060426    1.088854
Run3Summer23        -1.566  -1.444  50.0    100.0   -3.1416 -1.2    1.026239    1.056073    1.085907
Run3Summer23        -1.566  -1.444  50.0    100.0   -1.2    -0.8    1.026239    1.056073    1.085907
Run3Summer23        -1.566  -1.444  50.0    100.0   -0.8    3.1416  1.026239    1.056073    1.085907
Run3Summer23        -1.566  -1.444  100.0   1500.0  -3.1416 -1.2    1.018031    1.099196    1.18036
Run3Summer23        -1.566  -1.444  100.0   1500.0  -1.2    -0.8    1.018031    1.099196    1.18036
Run3Summer23        -1.566  -1.444  100.0   1500.0  -0.8    3.1416  1.018031    1.099196    1.18036
Run3Summer23        -1.444  -0.8    10.0    20.0    -3.1416 -1.2    1.078267    1.115927    1.153586
Run3Summer23        -1.444  -0.8    10.0    20.0    -1.2    -0.8    1.078267    1.115927    1.153586
Run3Summer23        -1.444  -0.8    10.0    20.0    -0.8    3.1416  1.078267    1.115927    1.153586
Run3Summer23        -1.444  -0.8    20.0    35.0    -3.1416 -1.2    1.01431     1.044304    1.074299
Run3Summer23        -1.444  -0.8    20.0    35.0    -1.2    -0.8    1.01431     1.044304    1.074299
Run3Summer23        -1.444  -0.8    20.0    35.0    -0.8    3.1416  1.01431     1.044304    1.074299
Run3Summer23        -1.444  -0.8    35.0    50.0    -3.1416 -1.2    1.012027    1.017081    1.022134
Run3Summer23        -1.444  -0.8    35.0    50.0    -1.2    -0.8    1.012027    1.017081    1.022134
Run3Summer23        -1.444  -0.8    35.0    50.0    -0.8    3.1416  1.012027    1.017081    1.022134
Run3Summer23        -1.444  -0.8    50.0    100.0   -3.1416 -1.2    0.999935    1.003791    1.007648
Run3Summer23        -1.444  -0.8    50.0    100.0   -1.2    -0.8    0.999935    1.003791    1.007648
Run3Summer23        -1.444  -0.8    50.0    100.0   -0.8    3.1416  0.999935    1.003791    1.007648
Run3Summer23        -1.444  -0.8    100.0   1500.0  -3.1416 -1.2    0.995044    1.008523    1.022001
Run3Summer23        -1.444  -0.8    100.0   1500.0  -1.2    -0.8    0.995044    1.008523    1.022001
Run3Summer23        -1.444  -0.8    100.0   1500.0  -0.8    3.1416  0.995044    1.008523    1.022001
Run3Summer23        -0.8    0.0     10.0    20.0    -3.1416 -1.2    0.983895    1.031865    1.079835
Run3Summer23        -0.8    0.0     10.0    20.0    -1.2    -0.8    0.983895    1.031865    1.079835
Run3Summer23        -0.8    0.0     10.0    20.0    -0.8    3.1416  0.983895    1.031865    1.079835
Run3Summer23        -0.8    0.0     20.0    35.0    -3.1416 -1.2    0.992381    1.012644    1.032906
Run3Summer23        -0.8    0.0     20.0    35.0    -1.2    -0.8    0.992381    1.012644    1.032906
Run3Summer23        -0.8    0.0     20.0    35.0    -0.8    3.1416  0.992381    1.012644    1.032906
Run3Summer23        -0.8    0.0     35.0    50.0    -3.1416 -1.2    0.997215    0.99957     1.001925
Run3Summer23        -0.8    0.0     35.0    50.0    -1.2    -0.8    0.997215    0.99957     1.001925
Run3Summer23        -0.8    0.0     35.0    50.0    -0.8    3.1416  0.997215    0.99957     1.001925
Run3Summer23        -0.8    0.0     50.0    100.0   -3.1416 -1.2    0.988232    0.992243    0.996255
Run3Summer23        -0.8    0.0     50.0    100.0   -1.2    -0.8    0.988232    0.992243    0.996255
Run3Summer23        -0.8    0.0     50.0    100.0   -0.8    3.1416  0.988232    0.992243    0.996255
Run3Summer23        -0.8    0.0     100.0   1500.0  -3.1416 -1.2    0.996867    1.005959    1.015052
Run3Summer23        -0.8    0.0     100.0   1500.0  -1.2    -0.8    0.996867    1.005959    1.015052
Run3Summer23        -0.8    0.0     100.0   1500.0  -0.8    3.1416  0.996867    1.005959    1.015052
Run3Summer23        0.0     0.8     10.0    20.0    -3.1416 -1.2    0.987419    1.035377    1.083336
Run3Summer23        0.0     0.8     10.0    20.0    -1.2    -0.8    0.987419    1.035377    1.083336
Run3Summer23        0.0     0.8     10.0    20.0    -0.8    3.1416  0.987419    1.035377    1.083336
Run3Summer23        0.0     0.8     20.0    35.0    -3.1416 -1.2    0.990366    1.010629    1.030891
Run3Summer23        0.0     0.8     20.0    35.0    -1.2    -0.8    0.990366    1.010629    1.030891
Run3Summer23        0.0     0.8     20.0    35.0    -0.8    3.1416  0.990366    1.010629    1.030891
Run3Summer23        0.0     0.8     35.0    50.0    -3.1416 -1.2    0.998176    1.000531    1.002886
Run3Summer23        0.0     0.8     35.0    50.0    -1.2    -0.8    0.998176    1.000531    1.002886
Run3Summer23        0.0     0.8     35.0    50.0    -0.8    3.1416  0.998176    1.000531    1.002886
Run3Summer23        0.0     0.8     50.0    100.0   -3.1416 -1.2    0.984614    0.988626    0.992637
Run3Summer23        0.0     0.8     50.0    100.0   -1.2    -0.8    0.984614    0.988626    0.992637
Run3Summer23        0.0     0.8     50.0    100.0   -0.8    3.1416  0.984614    0.988626    0.992637
Run3Summer23        0.0     0.8     100.0   1500.0  -3.1416 -1.2    0.991966    1.001018    1.01007
Run3Summer23        0.0     0.8     100.0   1500.0  -1.2    -0.8    0.991966    1.001018    1.01007
Run3Summer23        0.0     0.8     100.0   1500.0  -0.8    3.1416  0.991966    1.001018    1.01007
Run3Summer23        0.8     1.444   10.0    20.0    -3.1416 -1.2    1.07368     1.111353    1.149025
Run3Summer23        0.8     1.444   10.0    20.0    -1.2    -0.8    1.07368     1.111353    1.149025
Run3Summer23        0.8     1.444   10.0    20.0    -0.8    3.1416  1.07368     1.111353    1.149025
Run3Summer23        0.8     1.444   20.0    35.0    -3.1416 -1.2    1.013738    1.043727    1.073716
Run3Summer23        0.8     1.444   20.0    35.0    -1.2    -0.8    1.013738    1.043727    1.073716
Run3Summer23        0.8     1.444   20.0    35.0    -0.8    3.1416  1.013738    1.043727    1.073716
Run3Summer23        0.8     1.444   35.0    50.0    -3.1416 -1.2    1.011178    1.016232    1.021285
Run3Summer23        0.8     1.444   35.0    50.0    -1.2    -0.8    1.011178    1.016232    1.021285
Run3Summer23        0.8     1.444   35.0    50.0    -0.8    3.1416  1.011178    1.016232    1.021285
Run3Summer23        0.8     1.444   50.0    100.0   -3.1416 -1.2    1.000221    1.004248    1.008276
Run3Summer23        0.8     1.444   50.0    100.0   -1.2    -0.8    1.000221    1.004248    1.008276
Run3Summer23        0.8     1.444   50.0    100.0   -0.8    3.1416  1.000221    1.004248    1.008276
Run3Summer23        0.8     1.444   100.0   1500.0  -3.1416 -1.2    0.994179    1.007886    1.021593
Run3Summer23        0.8     1.444   100.0   1500.0  -1.2    -0.8    0.994179    1.007886    1.021593
Run3Summer23        0.8     1.444   100.0   1500.0  -0.8    3.1416  0.994179    1.007886    1.021593
Run3Summer23        1.444   1.566   10.0    20.0    -3.1416 -1.2    0.606819    1.261657    1.916496
Run3Summer23        1.444   1.566   10.0    20.0    -1.2    -0.8    0.606819    1.261657    1.916496
Run3Summer23        1.444   1.566   10.0    20.0    -0.8    3.1416  0.606819    1.261657    1.916496
Run3Summer23        1.444   1.566   20.0    35.0    -3.1416 -1.2    0.868653    1.041775    1.214896
Run3Summer23        1.444   1.566   20.0    35.0    -1.2    -0.8    0.868653    1.041775    1.214896
Run3Summer23        1.444   1.566   20.0    35.0    -0.8    3.1416  0.868653    1.041775    1.214896
Run3Summer23        1.444   1.566   35.0    50.0    -3.1416 -1.2    1.015087    1.043598    1.072109
Run3Summer23        1.444   1.566   35.0    50.0    -1.2    -0.8    1.015087    1.043598    1.072109
Run3Summer23        1.444   1.566   35.0    50.0    -0.8    3.1416  1.015087    1.043598    1.072109
Run3Summer23        1.444   1.566   50.0    100.0   -3.1416 -1.2    1.008913    1.038817    1.068722
Run3Summer23        1.444   1.566   50.0    100.0   -1.2    -0.8    1.008913    1.038817    1.068722
Run3Summer23        1.444   1.566   50.0    100.0   -0.8    3.1416  1.008913    1.038817    1.068722
Run3Summer23        1.444   1.566   100.0   1500.0  -3.1416 -1.2    1.004063    1.086605    1.169148
Run3Summer23        1.444   1.566   100.0   1500.0  -1.2    -0.8    1.004063    1.086605    1.169148
Run3Summer23        1.444   1.566   100.0   1500.0  -0.8    3.1416  1.004063    1.086605    1.169148
Run3Summer23        1.566   2.0     10.0    20.0    -3.1416 -1.2    1.087521    1.101145    1.11477
Run3Summer23        1.566   2.0     10.0    20.0    -1.2    -0.8    1.087521    1.101145    1.11477
Run3Summer23        1.566   2.0     10.0    20.0    -0.8    3.1416  1.087521    1.101145    1.11477
Run3Summer23        1.566   2.0     20.0    35.0    -3.1416 -1.2    0.980364    1.010165    1.039966
Run3Summer23        1.566   2.0     20.0    35.0    -1.2    -0.8    0.980364    1.010165    1.039966
Run3Summer23        1.566   2.0     20.0    35.0    -0.8    3.1416  0.980364    1.010165    1.039966
Run3Summer23        1.566   2.0     35.0    50.0    -3.1416 -1.2    0.98263     0.985749    0.988868
Run3Summer23        1.566   2.0     35.0    50.0    -1.2    -0.8    0.98263     0.985749    0.988868
Run3Summer23        1.566   2.0     35.0    50.0    -0.8    3.1416  0.98263     0.985749    0.988868
Run3Summer23        1.566   2.0     50.0    100.0   -3.1416 -1.2    0.96707     0.975236    0.983402
Run3Summer23        1.566   2.0     50.0    100.0   -1.2    -0.8    0.96707     0.975236    0.983402
Run3Summer23        1.566   2.0     50.0    100.0   -0.8    3.1416  0.96707     0.975236    0.983402
Run3Summer23        1.566   2.0     100.0   1500.0  -3.1416 -1.2    0.991283    1.008547    1.025812
Run3Summer23        1.566   2.0     100.0   1500.0  -1.2    -0.8    0.991283    1.008547    1.025812
Run3Summer23        1.566   2.0     100.0   1500.0  -0.8    3.1416  0.991283    1.008547    1.025812
Run3Summer23        2.0     2.5     10.0    20.0    -3.1416 -1.2    1.065422    1.085527    1.105631
Run3Summer23        2.0     2.5     10.0    20.0    -1.2    -0.8    1.065422    1.085527    1.105631
Run3Summer23        2.0     2.5     10.0    20.0    -0.8    3.1416  1.065422    1.085527    1.105631
Run3Summer23        2.0     2.5     20.0    35.0    -3.1416 -1.2    0.994248    1.0138      1.033353
Run3Summer23        2.0     2.5     20.0    35.0    -1.2    -0.8    0.994248    1.0138      1.033353
Run3Summer23        2.0     2.5     20.0    35.0    -0.8    3.1416  0.994248    1.0138      1.033353
Run3Summer23        2.0     2.5     35.0    50.0    -3.1416 -1.2    0.994643    1.000081    1.005519
Run3Summer23        2.0     2.5     35.0    50.0    -1.2    -0.8    0.994643    1.000081    1.005519
Run3Summer23        2.0     2.5     35.0    50.0    -0.8    3.1416  0.994643    1.000081    1.005519
Run3Summer23        2.0     2.5     50.0    100.0   -3.1416 -1.2    0.975262    0.981746    0.988229
Run3Summer23        2.0     2.5     50.0    100.0   -1.2    -0.8    0.975262    0.981746    0.988229
Run3Summer23        2.0     2.5     50.0    100.0   -0.8    3.1416  0.975262    0.981746    0.988229
Run3Summer23        2.0     2.5     100.0   1500.0  -3.1416 -1.2    1.006872    1.023305    1.039738
Run3Summer23        2.0     2.5     100.0   1500.0  -1.2    -0.8    1.006872    1.023305    1.039738
Run3Summer23        2.0     2.5     100.0   1500.0  -0.8    3.1416  1.006872    1.023305    1.039738
Run3Summer23BPix    -2.5    -2.0    10.0    20.0    -3.1416 -1.2    1.047461    1.065795    1.084129
Run3Summer23BPix    -2.5    -2.0    10.0    20.0    -1.2    -0.8    1.047461    1.065795    1.084129
Run3Summer23BPix    -2.5    -2.0    10.0    20.0    -0.8    3.1416  1.047461    1.065795    1.084129
Run3Summer23BPix    -2.5    -2.0    20.0    35.0    -3.1416 -1.2    1.004086    1.02251     1.040933
Run3Summer23BPix    -2.5    -2.0    20.0    35.0    -1.2    -0.8    0.996709    1.02251     1.04831
Run3Summer23BPix    -2.5    -2.0    20.0    35.0    -0.8    3.1416  1.004086    1.02251     1.040933
Run3Summer23BPix    -2.5    -2.0    35.0    50.0    -3.1416 -1.2    0.998332    1.004978    1.011624
Run3Summer23BPix    -2.5    -2.0    35.0    50.0    -1.2    -0.8    1.000565    1.004978    1.009391
Run3Summer23BPix    -2.5    -2.0    35.0    50.0    -0.8    3.1416  0.998332    1.004978    1.011624
Run3Summer23BPix    -2.5    -2.0    50.0    100.0   -3.1416 -1.2    0.986993    0.994696    1.002399
Run3Summer23BPix    -2.5    -2.0    50.0    100.0   -1.2    -0.8    0.982203    0.994696    1.007189
Run3Summer23BPix    -2.5    -2.0    50.0    100.0   -0.8    3.1416  0.986993    0.994696    1.002399
Run3Summer23BPix    -2.5    -2.0    100.0   1500.0  -3.1416 -1.2    1.010992    1.027744    1.044496
Run3Summer23BPix    -2.5    -2.0    100.0   1500.0  -1.2    -0.8    1.010992    1.027744    1.044496
Run3Summer23BPix    -2.5    -2.0    100.0   1500.0  -0.8    3.1416  1.010992    1.027744    1.044496
Run3Summer23BPix    -2.0    -1.566  10.0    20.0    -3.1416 -1.2    1.046425    1.059074    1.071724
Run3Summer23BPix    -2.0    -1.566  10.0    20.0    -1.2    -0.8    1.046425    1.059074    1.071724
Run3Summer23BPix    -2.0    -1.566  10.0    20.0    -0.8    3.1416  1.046425    1.059074    1.071724
Run3Summer23BPix    -2.0    -1.566  20.0    35.0    -3.1416 -1.2    0.980812    1.006281    1.031749
Run3Summer23BPix    -2.0    -1.566  20.0    35.0    -1.2    -0.8    0.97056     0.99814     1.02572
Run3Summer23BPix    -2.0    -1.566  20.0    35.0    -0.8    3.1416  0.980812    1.006281    1.031749
Run3Summer23BPix    -2.0    -1.566  35.0    50.0    -3.1416 -1.2    0.974316    0.978569    0.982822
Run3Summer23BPix    -2.0    -1.566  35.0    50.0    -1.2    -0.8    0.972154    0.978569    0.984984
Run3Summer23BPix    -2.0    -1.566  35.0    50.0    -0.8    3.1416  0.974316    0.978569    0.982822
Run3Summer23BPix    -2.0    -1.566  50.0    100.0   -3.1416 -1.2    0.961072    0.972943    0.984815
Run3Summer23BPix    -2.0    -1.566  50.0    100.0   -1.2    -0.8    0.967284    0.972943    0.978602
Run3Summer23BPix    -2.0    -1.566  50.0    100.0   -0.8    3.1416  0.961072    0.972943    0.984815
Run3Summer23BPix    -2.0    -1.566  100.0   1500.0  -3.1416 -1.2    1.014142    1.023235    1.032328
Run3Summer23BPix    -2.0    -1.566  100.0   1500.0  -1.2    -0.8    1.014142    1.023235    1.032328
Run3Summer23BPix    -2.0    -1.566  100.0   1500.0  -0.8    3.1416  1.014142    1.023235    1.032328
Run3Summer23BPix    -1.566  -1.444  10.0    20.0    -3.1416 -1.2    0.960064    1.321367    1.682669
Run3Summer23BPix    -1.566  -1.444  10.0    20.0    -1.2    -0.8    1.101366    1.465544    1.829722
Run3Summer23BPix    -1.566  -1.444  10.0    20.0    -0.8    3.1416  0.960064    1.321367    1.682669
Run3Summer23BPix    -1.566  -1.444  20.0    35.0    -3.1416 -1.2    0.867838    1.060415    1.252993
Run3Summer23BPix    -1.566  -1.444  20.0    35.0    -1.2    -0.8    0.80538     1.050883    1.296385
Run3Summer23BPix    -1.566  -1.444  20.0    35.0    -0.8    3.1416  0.867838    1.060415    1.252993
Run3Summer23BPix    -1.566  -1.444  35.0    50.0    -3.1416 -1.2    1.041168    1.052338    1.063508
Run3Summer23BPix    -1.566  -1.444  35.0    50.0    -1.2    -0.8    1.05991     1.068837    1.077765
Run3Summer23BPix    -1.566  -1.444  35.0    50.0    -0.8    3.1416  1.041168    1.052338    1.063508
Run3Summer23BPix    -1.566  -1.444  50.0    100.0   -3.1416 -1.2    1.036577    1.058091    1.079606
Run3Summer23BPix    -1.566  -1.444  50.0    100.0   -1.2    -0.8    1.043414    1.074342    1.105271
Run3Summer23BPix    -1.566  -1.444  50.0    100.0   -0.8    3.1416  1.036577    1.058091    1.079606
Run3Summer23BPix    -1.566  -1.444  100.0   1500.0  -3.1416 -1.2    1.060274    1.096099    1.131925
Run3Summer23BPix    -1.566  -1.444  100.0   1500.0  -1.2    -0.8    1.078682    1.136513    1.194345
Run3Summer23BPix    -1.566  -1.444  100.0   1500.0  -0.8    3.1416  1.060274    1.096099    1.131925
Run3Summer23BPix    -1.444  -0.8    10.0    20.0    -3.1416 -1.2    1.121449    1.144096    1.166742
Run3Summer23BPix    -1.444  -0.8    10.0    20.0    -1.2    -0.8    1.054727    1.097864    1.141001
Run3Summer23BPix    -1.444  -0.8    10.0    20.0    -0.8    3.1416  1.121449    1.144096    1.166742
Run3Summer23BPix    -1.444  -0.8    20.0    35.0    -3.1416 -1.2    1.035113    1.0669      1.098688
Run3Summer23BPix    -1.444  -0.8    20.0    35.0    -1.2    -0.8    1.017263    1.052291    1.08732
Run3Summer23BPix    -1.444  -0.8    20.0    35.0    -0.8    3.1416  1.035113    1.0669      1.098688
Run3Summer23BPix    -1.444  -0.8    35.0    50.0    -3.1416 -1.2    1.026835    1.031424    1.036013
Run3Summer23BPix    -1.444  -0.8    35.0    50.0    -1.2    -0.8    1.011784    1.017776    1.023769
Run3Summer23BPix    -1.444  -0.8    35.0    50.0    -0.8    3.1416  1.026835    1.031424    1.036013
Run3Summer23BPix    -1.444  -0.8    50.0    100.0   -3.1416 -1.2    1.007446    1.010499    1.013553
Run3Summer23BPix    -1.444  -0.8    50.0    100.0   -1.2    -0.8    1.002681    1.009851    1.017022
Run3Summer23BPix    -1.444  -0.8    50.0    100.0   -0.8    3.1416  1.007446    1.010499    1.013553
Run3Summer23BPix    -1.444  -0.8    100.0   1500.0  -3.1416 -1.2    1.007442    1.024951    1.042459
Run3Summer23BPix    -1.444  -0.8    100.0   1500.0  -1.2    -0.8    0.928848    0.961716    0.994585
Run3Summer23BPix    -1.444  -0.8    100.0   1500.0  -0.8    3.1416  1.007442    1.024951    1.042459
Run3Summer23BPix    -0.8    0.0     10.0    20.0    -3.1416 -1.2    1.004968    1.051688    1.098408
Run3Summer23BPix    -0.8    0.0     10.0    20.0    -1.2    -0.8    0.969567    1.028273    1.086978
Run3Summer23BPix    -0.8    0.0     10.0    20.0    -0.8    3.1416  1.004968    1.051688    1.098408
Run3Summer23BPix    -0.8    0.0     20.0    35.0    -3.1416 -1.2    1.003367    1.023841    1.044315
Run3Summer23BPix    -0.8    0.0     20.0    35.0    -1.2    -0.8    0.962599    0.989282    1.015964
Run3Summer23BPix    -0.8    0.0     20.0    35.0    -0.8    3.1416  1.003367    1.023841    1.044315
Run3Summer23BPix    -0.8    0.0     35.0    50.0    -3.1416 -1.2    1.00361     1.007158    1.010707
Run3Summer23BPix    -0.8    0.0     35.0    50.0    -1.2    -0.8    0.993949    0.997048    1.000148
Run3Summer23BPix    -0.8    0.0     35.0    50.0    -0.8    3.1416  1.00361     1.007158    1.010707
Run3Summer23BPix    -0.8    0.0     50.0    100.0   -3.1416 -1.2    0.986065    0.991707    0.997349
Run3Summer23BPix    -0.8    0.0     50.0    100.0   -1.2    -0.8    0.960187    0.966285    0.972382
Run3Summer23BPix    -0.8    0.0     50.0    100.0   -0.8    3.1416  0.986065    0.991707    0.997349
Run3Summer23BPix    -0.8    0.0     100.0   1500.0  -3.1416 -1.2    0.988389    1.001655    1.014921
Run3Summer23BPix    -0.8    0.0     100.0   1500.0  -1.2    -0.8    0.956919    0.993159    1.029398
Run3Summer23BPix    -0.8    0.0     100.0   1500.0  -0.8    3.1416  0.988389    1.001655    1.014921
Run3Summer23BPix    0.0     0.8     10.0    20.0    -3.1416 -1.2    1.020101    1.06664     1.113178
Run3Summer23BPix    0.0     0.8     10.0    20.0    -1.2    -0.8    1.019505    1.075289    1.131072
Run3Summer23BPix    0.0     0.8     10.0    20.0    -0.8    3.1416  1.020101    1.06664     1.113178
Run3Summer23BPix    0.0     0.8     20.0    35.0    -3.1416 -1.2    1.003555    1.024002    1.044449
Run3Summer23BPix    0.0     0.8     20.0    35.0    -1.2    -0.8    0.998789    1.024002    1.049216
Run3Summer23BPix    0.0     0.8     20.0    35.0    -0.8    3.1416  1.003555    1.024002    1.044449
Run3Summer23BPix    0.0     0.8     35.0    50.0    -3.1416 -1.2    1.001252    1.004801    1.008349
Run3Summer23BPix    0.0     0.8     35.0    50.0    -1.2    -0.8    1.002096    1.004801    1.007506
Run3Summer23BPix    0.0     0.8     35.0    50.0    -0.8    3.1416  1.001252    1.004801    1.008349
Run3Summer23BPix    0.0     0.8     50.0    100.0   -3.1416 -1.2    0.991211    0.996853    1.002495
Run3Summer23BPix    0.0     0.8     50.0    100.0   -1.2    -0.8    0.991421    0.996853    1.002285
Run3Summer23BPix    0.0     0.8     50.0    100.0   -0.8    3.1416  0.991211    0.996853    1.002495
Run3Summer23BPix    0.0     0.8     100.0   1500.0  -3.1416 -1.2    0.982707    0.995487    1.008268
Run3Summer23BPix    0.0     0.8     100.0   1500.0  -1.2    -0.8    0.960567    0.995487    1.030407
Run3Summer23BPix    0.0     0.8     100.0   1500.0  -0.8    3.1416  0.982707    0.995487    1.008268
Run3Summer23BPix    0.8     1.444   10.0    20.0    -3.1416 -1.2    1.098746    1.121354    1.143963
Run3Summer23BPix    0.8     1.444   10.0    20.0    -1.2    -0.8    1.085135    1.121354    1.157574
Run3Summer23BPix    0.8     1.444   10.0    20.0    -0.8    3.1416  1.098746    1.121354    1.143963
Run3Summer23BPix    0.8     1.444   20.0    35.0    -3.1416 -1.2    1.019796    1.05158     1.083363
Run3Summer23BPix    0.8     1.444   20.0    35.0    -1.2    -0.8    1.017629    1.05158     1.085531
Run3Summer23BPix    0.8     1.444   20.0    35.0    -0.8    3.1416  1.019796    1.05158     1.083363
Run3Summer23BPix    0.8     1.444   35.0    50.0    -3.1416 -1.2    1.020794    1.025383    1.029971
Run3Summer23BPix    0.8     1.444   35.0    50.0    -1.2    -0.8    1.019746    1.025383    1.031019
Run3Summer23BPix    0.8     1.444   35.0    50.0    -0.8    3.1416  1.020794    1.025383    1.029971
Run3Summer23BPix    0.8     1.444   50.0    100.0   -3.1416 -1.2    1.004638    1.007733    1.010829
Run3Summer23BPix    0.8     1.444   50.0    100.0   -1.2    -0.8    1.001607    1.007733    1.013859
Run3Summer23BPix    0.8     1.444   50.0    100.0   -0.8    3.1416  1.004638    1.007733    1.010829
Run3Summer23BPix    0.8     1.444   100.0   1500.0  -3.1416 -1.2    0.999524    1.017167    1.03481
Run3Summer23BPix    0.8     1.444   100.0   1500.0  -1.2    -0.8    0.988024    1.017167    1.046309
Run3Summer23BPix    0.8     1.444   100.0   1500.0  -0.8    3.1416  0.999524    1.017167    1.03481
Run3Summer23BPix    1.444   1.566   10.0    20.0    -3.1416 -1.2    0.998956    1.359956    1.720957
Run3Summer23BPix    1.444   1.566   10.0    20.0    -1.2    -0.8    0.99717     1.359956    1.722743
Run3Summer23BPix    1.444   1.566   10.0    20.0    -0.8    3.1416  0.998956    1.359956    1.720957
Run3Summer23BPix    1.444   1.566   20.0    35.0    -3.1416 -1.2    0.847439    1.039943    1.232448
Run3Summer23BPix    1.444   1.566   20.0    35.0    -1.2    -0.8    0.79416     1.039943    1.285727
Run3Summer23BPix    1.444   1.566   20.0    35.0    -0.8    3.1416  0.847439    1.039943    1.232448
Run3Summer23BPix    1.444   1.566   35.0    50.0    -3.1416 -1.2    1.028553    1.039756    1.05096
Run3Summer23BPix    1.444   1.566   35.0    50.0    -1.2    -0.8    1.030903    1.039756    1.04861
Run3Summer23BPix    1.444   1.566   35.0    50.0    -0.8    3.1416  1.028553    1.039756    1.05096
Run3Summer23BPix    1.444   1.566   50.0    100.0   -3.1416 -1.2    1.007223    1.029885    1.052546
Run3Summer23BPix    1.444   1.566   50.0    100.0   -1.2    -0.8    0.998384    1.029885    1.061386
Run3Summer23BPix    1.444   1.566   50.0    100.0   -0.8    3.1416  1.007223    1.029885    1.052546
Run3Summer23BPix    1.444   1.566   100.0   1500.0  -3.1416 -1.2    1.025278    1.063441    1.101604
Run3Summer23BPix    1.444   1.566   100.0   1500.0  -1.2    -0.8    1.008396    1.063441    1.118487
Run3Summer23BPix    1.444   1.566   100.0   1500.0  -0.8    3.1416  1.025278    1.063441    1.101604
Run3Summer23BPix    1.566   2.0     10.0    20.0    -3.1416 -1.2    1.059348    1.072185    1.085022
Run3Summer23BPix    1.566   2.0     10.0    20.0    -1.2    -0.8    1.059348    1.072185    1.085022
Run3Summer23BPix    1.566   2.0     10.0    20.0    -0.8    3.1416  1.059348    1.072185    1.085022
Run3Summer23BPix    1.566   2.0     20.0    35.0    -3.1416 -1.2    0.974131    0.999609    1.025087
Run3Summer23BPix    1.566   2.0     20.0    35.0    -1.2    -0.8    0.972245    0.999609    1.026973
Run3Summer23BPix    1.566   2.0     20.0    35.0    -0.8    3.1416  0.974131    0.999609    1.025087
Run3Summer23BPix    1.566   2.0     35.0    50.0    -3.1416 -1.2    0.980091    0.984344    0.988597
Run3Summer23BPix    1.566   2.0     35.0    50.0    -1.2    -0.8    0.977929    0.984344    0.990759
Run3Summer23BPix    1.566   2.0     35.0    50.0    -0.8    3.1416  0.980091    0.984344    0.988597
Run3Summer23BPix    1.566   2.0     50.0    100.0   -3.1416 -1.2    0.958782    0.97062     0.982458
Run3Summer23BPix    1.566   2.0     50.0    100.0   -1.2    -0.8    0.96503     0.97062     0.976209
Run3Summer23BPix    1.566   2.0     50.0    100.0   -0.8    3.1416  0.958782    0.97062     0.982458
Run3Summer23BPix    1.566   2.0     100.0   1500.0  -3.1416 -1.2    1.016024    1.025284    1.034543
Run3Summer23BPix    1.566   2.0     100.0   1500.0  -1.2    -0.8    1.016024    1.025284    1.034543
Run3Summer23BPix    1.566   2.0     100.0   1500.0  -0.8    3.1416  1.016024    1.025284    1.034543
Run3Summer23BPix    2.0     2.5     10.0    20.0    -3.1416 -1.2    1.063786    1.08215     1.100514
Run3Summer23BPix    2.0     2.5     10.0    20.0    -1.2    -0.8    1.063786    1.08215     1.100514
Run3Summer23BPix    2.0     2.5     10.0    20.0    -0.8    3.1416  1.063786    1.08215     1.100514
Run3Summer23BPix    2.0     2.5     20.0    35.0    -3.1416 -1.2    0.998194    1.016566    1.034937
Run3Summer23BPix    2.0     2.5     20.0    35.0    -1.2    -0.8    0.978946    1.016679    1.054412
Run3Summer23BPix    2.0     2.5     20.0    35.0    -0.8    3.1416  0.998194    1.016566    1.034937
Run3Summer23BPix    2.0     2.5     35.0    50.0    -3.1416 -1.2    0.996585    1.003369    1.010153
Run3Summer23BPix    2.0     2.5     35.0    50.0    -1.2    -0.8    0.998751    1.003369    1.007988
Run3Summer23BPix    2.0     2.5     35.0    50.0    -0.8    3.1416  0.996585    1.003369    1.010153
Run3Summer23BPix    2.0     2.5     50.0    100.0   -3.1416 -1.2    0.981795    0.989577    0.997359
Run3Summer23BPix    2.0     2.5     50.0    100.0   -1.2    -0.8    0.977035    0.989577    1.002119
Run3Summer23BPix    2.0     2.5     50.0    100.0   -0.8    3.1416  0.981795    0.989577    0.997359
Run3Summer23BPix    2.0     2.5     100.0   1500.0  -3.1416 -1.2    0.999638    1.016694    1.033749
Run3Summer23BPix    2.0     2.5     100.0   1500.0  -1.2    -0.8    0.999638    1.016694    1.033749
Run3Summer23BPix    2.0     2.5     100.0   1500.0  -0.8    3.1416  0.999638    1.016694    1.033749
