2016postVFP_UL      0       0.31811     0.27774     0.24409
2016postVFP_UL      1       0.425847    0.341608    0.289523
2016postVFP_UL      2       0.971638    0.914788    0.850717
2016postVFP_UL      3       0.774113    0.696977    0.628712
2016postVFP_UL      4       0.696696    0.633194    0.580053
2016postVFP_UL      5       0.374241    0.341994    0.310772
2016postVFP_UL      6       0.177802    0.160089    0.148191
2016postVFP_UL      7       0.152159    0.110653    0.085962
2016postVFP_UL      8       0.1457      0.111013    0.087246
2016postVFP_UL      9       0.225887    0.129846    0.083564
2016postVFP_UL      10      0.392951    0.231694    0.13537
2016postVFP_UL      11      0.561157    0.366612    0.231519
2016postVFP_UL      12      0.678191    0.485614    0.336994
2016postVFP_UL      13      0.745282    0.566711    0.422701
2016postVFP_UL      14      0.783206    0.620791    0.484929
2016postVFP_UL      15      0.810838    0.669124    0.541968
2016postVFP_UL      16      0.832044    0.715351    0.601521
2016postVFP_UL      17      0.852068    0.756768    0.65999
2016postVFP_UL      18      0.873612    0.791607    0.709662
2016postVFP_UL      19      0.900611    0.824058    0.751249
2016postVFP_UL      20      0.934549    0.859333    0.789791
2016postVFP_UL      21      0.972282    0.902351    0.832975
2016postVFP_UL      22      1.010092    0.952989    0.887183
2016postVFP_UL      23      1.047993    1.007034    0.951537
2016postVFP_UL      24      1.08689     1.061027    1.019579
2016postVFP_UL      25      1.130073    1.118964    1.091214
2016postVFP_UL      26      1.174825    1.18207     1.16777
2016postVFP_UL      27      1.219152    1.251584    1.253838
2016postVFP_UL      28      1.261343    1.327202    1.352703
2016postVFP_UL      29      1.298418    1.406135    1.463866
2016postVFP_UL      30      1.325483    1.482983    1.582888
2016postVFP_UL      31      1.343663    1.55863     1.711483
2016postVFP_UL      32      1.356594    1.63748     1.85562
2016postVFP_UL      33      1.363235    1.719202    2.016799
2016postVFP_UL      34      1.359115    1.799325    2.192336
2016postVFP_UL      35      1.340698    1.874083    2.380539
2016postVFP_UL      36      1.313332    1.951706    2.596159
2016postVFP_UL      37      1.270293    2.022611    2.83261
2016postVFP_UL      38      1.217133    2.093938    3.106772
2016postVFP_UL      39      1.150904    2.157717    3.41536
2016postVFP_UL      40      1.07221     2.20865     3.757297
2016postVFP_UL      41      0.988376    2.25372     4.151294
2016postVFP_UL      42      0.906167    2.301984    4.6238
2016postVFP_UL      43      0.827285    2.353399    5.188025
2016postVFP_UL      44      0.754945    2.413648    5.872229
2016postVFP_UL      45      0.670731    2.414278    6.511612
2016postVFP_UL      46      0.593473    2.403337    7.209335
2016postVFP_UL      47      0.523708    2.376165    7.941158
2016postVFP_UL      48      0.443963    2.236256    8.324391
2016postVFP_UL      49      0.366492    2.015779    8.333533
2016postVFP_UL      50      0.294398    1.721383    7.8503
2016postVFP_UL      51      0.240879    1.439621    7.153866
2016postVFP_UL      52      0.192644    1.119082    5.939108
2016postVFP_UL      53      0.166837    0.893728    4.915717
2016postVFP_UL      54      0.146261    0.694572    3.802472
2016postVFP_UL      55      0.118942    0.494493    2.571676
2016postVFP_UL      56      0.110445    0.408584    1.934607
2016postVFP_UL      57      0.084046    0.286364    1.203789
2016postVFP_UL      58      0.088035    0.287043    1.071108
2016postVFP_UL      59      0.080275    0.258795    0.87604
2016postVFP_UL      60      0.067783    0.22131     0.702185
2016postVFP_UL      61      0.062721    0.210774    0.647745
2016postVFP_UL      62      0.066436    0.232194    0.709976
2016postVFP_UL      63      0.057296    0.209626    0.65032
2016postVFP_UL      64      0.032935    0.126653    0.403959
2016postVFP_UL      65      0.022325    0.090463    0.299217
2016postVFP_UL      66      0.034922    0.149344    0.515104
2016postVFP_UL      67      0.024365    0.110068    0.397268
2016postVFP_UL      68      0.016118    0.076962    0.291324
2016postVFP_UL      69      0.047049    0.237526    0.944263
2016postVFP_UL      70      0.072615    0.387668    1.619968
2016postVFP_UL      71      0.006661    0.037606    0.165276
2016postVFP_UL      72      0.006443    0.038472    0.177881
2016postVFP_UL      73      0.037202    0.23494     1.143049
2016postVFP_UL      74      0.012685    0.084725    0.433786
2016postVFP_UL      75      0.001022    0.007223    0.038918
2016postVFP_UL      76      0.006173    0.046132    0.261583
2016postVFP_UL      77      0.002121    0.016773    0.10009
2016postVFP_UL      78      1.0         1.0         1.0
2016postVFP_UL      79      0.000343    0.003035    0.020064
2016postVFP_UL      80      3.2e-05     0.000304    0.002116
2016postVFP_UL      81      1.0         1.0         1.0
2016postVFP_UL      82      1.0         1.0         1.0
2016postVFP_UL      83      1.0         1.0         1.0
2016postVFP_UL      84      1.0         1.0         1.0
2016postVFP_UL      85      1.0         1.0         1.0
2016postVFP_UL      86      1.0         1.0         1.0
2016postVFP_UL      87      1.0         1.0         1.0
2016postVFP_UL      88      1.0         1.0         1.0
2016postVFP_UL      89      1.0         1.0         1.0
2016postVFP_UL      90      1.0         1.0         1.0
2016postVFP_UL      91      1.0         1.0         1.0
2016postVFP_UL      92      1.0         1.0         1.0
2016postVFP_UL      93      1.0         1.0         1.0
2016postVFP_UL      94      1.0         1.0         1.0
2016postVFP_UL      95      1.0         1.0         1.0
2016postVFP_UL      96      1.0         1.0         1.0
2016postVFP_UL      97      1.0         1.0         1.0
2016postVFP_UL      98      1.0         1.0         1.0
2016postVFP_UL      99      1.0         1.0         1.0
2016preVFP_UL       0       0.2772      0.239684    0.209347
2016preVFP_UL       1       0.447143    0.382072    0.328547
2016preVFP_UL       2       0.961677    0.849367    0.753158
2016preVFP_UL       3       1.149579    0.991969    0.867264
2016preVFP_UL       4       1.86691     1.410412    1.121822
2016preVFP_UL       5       2.66515     1.914002    1.370629
2016preVFP_UL       6       2.27976     1.843234    1.463755
2016preVFP_UL       7       1.741011    1.394042    1.148293
2016preVFP_UL       8       1.608099    1.22404     0.955706
2016preVFP_UL       9       1.551001    1.179251    0.903768
2016preVFP_UL       10      1.475637    1.148284    0.893328
2016preVFP_UL       11      1.393158    1.10628     0.879985
2016preVFP_UL       12      1.338818    1.074146    0.866258
2016preVFP_UL       13      1.310029    1.061229    0.86257
2016preVFP_UL       14      1.285071    1.063838    0.874455
2016preVFP_UL       15      1.256424    1.079673    0.910079
2016preVFP_UL       16      1.228003    1.09472     0.956254
2016preVFP_UL       17      1.205792    1.107764    0.999065
2016preVFP_UL       18      1.180473    1.113362    1.031248
2016preVFP_UL       19      1.149661    1.107948    1.05058
2016preVFP_UL       20      1.114693    1.09342     1.056935
2016preVFP_UL       21      1.07783     1.075863    1.056724
2016preVFP_UL       22      1.039815    1.059592    1.057394
2016preVFP_UL       23      0.998234    1.043397    1.060854
2016preVFP_UL       24      0.948791    1.021581    1.062624
2016preVFP_UL       25      0.892953    0.993075    1.060848
2016preVFP_UL       26      0.831873    0.956212    1.05176
2016preVFP_UL       27      0.769874    0.913632    1.035693
2016preVFP_UL       28      0.710974    0.869226    1.014854
2016preVFP_UL       29      0.656833    0.825609    0.991093
2016preVFP_UL       30      0.606672    0.783448    0.965105
2016preVFP_UL       31      0.561227    0.745812    0.94167
2016preVFP_UL       32      0.521034    0.715296    0.926126
2016preVFP_UL       33      0.484362    0.690739    0.919407
2016preVFP_UL       34      0.448911    0.66911     0.919433
2016preVFP_UL       35      0.413651    0.648233    0.924333
2016preVFP_UL       36      0.380795    0.630624    0.938144
2016preVFP_UL       37      0.348989    0.613309    0.956598
2016preVFP_UL       38      0.320377    0.5994      0.984341
2016preVFP_UL       39      0.294392    0.587791    1.019781
2016preVFP_UL       40      0.271087    0.578673    1.063456
2016preVFP_UL       41      0.251824    0.575484    1.122521
2016preVFP_UL       42      0.237618    0.581925    1.206592
2016preVFP_UL       43      0.228234    0.599482    1.322805
2016preVFP_UL       44      0.224017    0.631531    1.4843
2016preVFP_UL       45      0.218634    0.661972    1.658374
2016preVFP_UL       46      0.216542    0.704601    1.882661
2016preVFP_UL       47      0.217078    0.759472    2.165608
2016preVFP_UL       48      0.210796    0.793092    2.414751
2016preVFP_UL       49      0.199026    0.804844    2.617846
2016preVFP_UL       50      0.180029    0.781174    2.714987
2016preVFP_UL       51      0.160361    0.744024    2.762435
2016preVFP_UL       52      0.132398    0.652873    2.586747
2016preVFP_UL       53      0.110729    0.574991    2.425356
2016preVFP_UL       54      0.087674    0.473335    2.116557
2016preVFP_UL       55      0.061124    0.337663    1.589988
2016preVFP_UL       56      0.047278    0.262572    1.289616
2016preVFP_UL       57      0.029786    0.16357     0.827562
2016preVFP_UL       58      0.026094    0.139942    0.718655
2016preVFP_UL       59      0.020274    0.105599    0.54201
2016preVFP_UL       60      0.014895    0.075498    0.382027
2016preVFP_UL       61      0.012226    0.060807    0.300485
2016preVFP_UL       62      0.011675    0.057657    0.277311
2016preVFP_UL       63      0.009196    0.045663    0.214381
2016preVFP_UL       64      0.004876    0.024628    0.113754
2016preVFP_UL       65      0.003073    0.015936    0.07318
2016preVFP_UL       66      0.004496    0.024115    0.111327
2016preVFP_UL       67      0.002948    0.016443    0.077084
2016preVFP_UL       68      0.00184     0.010715    0.051432
2016preVFP_UL       69      0.005084    0.030996    0.153329
2016preVFP_UL       70      0.007444    0.047638    0.244032
2016preVFP_UL       71      0.000649    0.004368    0.023255
2016preVFP_UL       72      0.000597    0.004237    0.023506
2016preVFP_UL       73      0.003276    0.024586    0.14249
2016preVFP_UL       74      0.001062    0.00844     0.051195
2016preVFP_UL       75      8.1e-05     0.000686    0.004361
2016preVFP_UL       76      0.000464    0.004173    0.0279
2016preVFP_UL       77      0.000151    0.001446    0.010178
2016preVFP_UL       78      1.0         1.0         1.0
2016preVFP_UL       79      2.1e-05     0.000237    0.00186
2016preVFP_UL       80      2e-06       2.3e-05     0.000187
2016preVFP_UL       81      1.0         1.0         1.0
2016preVFP_UL       82      1.0         1.0         1.0
2016preVFP_UL       83      1.0         1.0         1.0
2016preVFP_UL       84      1.0         1.0         1.0
2016preVFP_UL       85      1.0         1.0         1.0
2016preVFP_UL       86      1.0         1.0         1.0
2016preVFP_UL       87      1.0         1.0         1.0
2016preVFP_UL       88      1.0         1.0         1.0
2016preVFP_UL       89      1.0         1.0         1.0
2016preVFP_UL       90      1.0         1.0         1.0
2016preVFP_UL       91      1.0         1.0         1.0
2016preVFP_UL       92      1.0         1.0         1.0
2016preVFP_UL       93      1.0         1.0         1.0
2016preVFP_UL       94      1.0         1.0         1.0
2016preVFP_UL       95      1.0         1.0         1.0
2016preVFP_UL       96      1.0         1.0         1.0
2016preVFP_UL       97      1.0         1.0         1.0
2016preVFP_UL       98      1.0         1.0         1.0
2016preVFP_UL       99      1.0         1.0         1.0
2017_UL             0       0.597828    0.560627    0.528256
2017_UL             1       0.807688    0.735677    0.644359
2017_UL             2       0.706845    0.537919    0.435632
2017_UL             3       1.167978    1.218234    1.232896
2017_UL             4       0.934906    0.802259    0.681312
2017_UL             5       1.015247    0.916298    0.817381
2017_UL             6       1.047385    1.003535    0.969981
2017_UL             7       1.035099    0.925153    0.847441
2017_UL             8       0.993388    0.684676    0.550715
2017_UL             9       1.062412    0.713164    0.461069
2017_UL             10      1.098417    0.750512    0.534256
2017_UL             11      1.137669    0.816518    0.566972
2017_UL             12      1.098616    0.837669    0.634234
2017_UL             13      1.116458    0.846356    0.653207
2017_UL             14      1.126787    0.844028    0.645753
2017_UL             15      1.137055    0.843907    0.637975
2017_UL             16      1.145228    0.866629    0.652629
2017_UL             17      1.130928    0.892962    0.6895
2017_UL             18      1.120187    0.918024    0.737431
2017_UL             19      1.107994    0.93579     0.776616
2017_UL             20      1.099347    0.955643    0.814943
2017_UL             21      1.091717    0.972144    0.851065
2017_UL             22      1.083988    0.981183    0.878049
2017_UL             23      1.077713    0.98323     0.893384
2017_UL             24      1.068899    0.978084    0.895685
2017_UL             25      1.059134    0.975952    0.896164
2017_UL             26      1.044626    0.976553    0.901406
2017_UL             27      1.030716    0.982685    0.917795
2017_UL             28      1.01609     0.990393    0.940789
2017_UL             29      1.001925    0.99812     0.967074
2017_UL             30      0.990817    1.007824    0.996428
2017_UL             31      0.98045     1.019017    1.02704
2017_UL             32      0.96907     1.030262    1.058418
2017_UL             33      0.961301    1.043507    1.094068
2017_UL             34      0.954704    1.052881    1.126621
2017_UL             35      0.952145    1.060833    1.155006
2017_UL             36      0.953758    1.067958    1.177346
2017_UL             37      0.958716    1.071118    1.190026
2017_UL             38      0.971944    1.070173    1.192656
2017_UL             39      0.994539    1.060859    1.177432
2017_UL             40      1.026106    1.042679    1.138953
2017_UL             41      1.072879    1.0293      1.089654
2017_UL             42      1.110972    1.011027    1.022547
2017_UL             43      1.124859    0.989759    0.949555
2017_UL             44      1.103499    0.966713    0.88369
2017_UL             45      1.064607    0.959653    0.849821
2017_UL             46      1.004128    0.960518    0.845101
2017_UL             47      0.933761    0.972621    0.875029
2017_UL             48      0.852428    0.98598     0.932278
2017_UL             49      0.784081    1.020364    1.037995
2017_UL             50      0.732166    1.079806    1.20385
2017_UL             51      0.674891    1.130957    1.399899
2017_UL             52      0.618285    1.175244    1.627776
2017_UL             53      0.562568    1.206425    1.876774
2017_UL             54      0.495587    1.189348    2.078145
2017_UL             55      0.441997    1.175364    2.299025
2017_UL             56      0.39557     1.153046    2.509696
2017_UL             57      0.360518    1.139343    2.737834
2017_UL             58      0.338964    1.149106    3.021053
2017_UL             59      0.329523    1.186194    3.379485
2017_UL             60      0.324891    1.229691    3.76058
2017_UL             61      0.325922    1.284332    4.177537
2017_UL             62      0.331804    1.347511    4.621196
2017_UL             63      0.341672    1.415077    5.073096
2017_UL             64      0.356248    1.488993    5.532517
2017_UL             65      0.374381    1.563993    5.969582
2017_UL             66      0.424935    1.760508    6.839771
2017_UL             67      0.610872    2.497372    9.786043
2017_UL             68      0.8951      3.604846    14.126715
2017_UL             69      0.883419    3.51037     13.661172
2017_UL             70      1.408565    5.546158    21.332146
2017_UL             71      4.196658    16.473486   62.496104
2017_UL             72      7.666078    30.208288   113.123266
2017_UL             73      40.053449   159.551299  591.653232
2017_UL             74      1.0         1.0         1.0
2017_UL             75      1.0         1.0         1.0
2017_UL             76      1.0         1.0         1.0
2017_UL             77      1.0         1.0         1.0
2017_UL             78      1.0         1.0         1.0
2017_UL             79      1.0         1.0         1.0
2017_UL             80      1.0         1.0         1.0
2017_UL             81      1.0         1.0         1.0
2017_UL             82      1.0         1.0         1.0
2017_UL             83      1.0         1.0         1.0
2017_UL             84      1.0         1.0         1.0
2017_UL             85      1.0         1.0         1.0
2017_UL             86      1.0         1.0         1.0
2017_UL             87      1.0         1.0         1.0
2017_UL             88      1.0         1.0         1.0
2017_UL             89      1.0         1.0         1.0
2017_UL             90      1.0         1.0         1.0
2017_UL             91      1.0         1.0         1.0
2017_UL             92      1.0         1.0         1.0
2017_UL             93      1.0         1.0         1.0
2017_UL             94      1.0         1.0         1.0
2017_UL             95      1.0         1.0         1.0
2017_UL             96      1.0         1.0         1.0
2017_UL             97      1.0         1.0         1.0
2017_UL             98      1.0         1.0         1.0
2017_UL             99      1.0         1.0         1.0
2018_UL             0       5.142729    4.759578    4.427034
2018_UL             1       1.252341    1.080637    0.946966
2018_UL             2       1.460148    1.216746    1.017442
2018_UL             3       1.030989    0.880918    0.756746
2018_UL             4       0.894035    0.766239    0.660584
2018_UL             5       1.179567    1.011546    0.875495
2018_UL             6       1.565733    1.323144    1.131309
2018_UL             7       1.600282    1.33956     1.132636
2018_UL             8       1.327938    1.104526    0.929448
2018_UL             9       1.116433    0.912355    0.758874
2018_UL             10      1.028542    0.824083    0.672494
2018_UL             11      1.012067    0.800396    0.643334
2018_UL             12      1.005491    0.790775    0.630062
2018_UL             13      1.026295    0.806781    0.641068
2018_UL             14      1.056971    0.832394    0.661779
2018_UL             15      1.083516    0.856406    0.682318
2018_UL             16      1.096756    0.87251     0.697864
2018_UL             17      1.097186    0.882101    0.710251
2018_UL             18      1.095903    0.894665    0.727881
2018_UL             19      1.103185    0.91871     0.758419
2018_UL             20      1.110576    0.946417    0.795884
2018_UL             21      1.107677    0.966408    0.830038
2018_UL             22      1.100237    0.980164    0.860124
2018_UL             23      1.094651    0.990842    0.886356
2018_UL             24      1.085355    0.9926      0.901315
2018_UL             25      1.073803    0.987395    0.905637
2018_UL             26      1.063185    0.979783    0.903732
2018_UL             27      1.063971    0.981289    0.90738
2018_UL             28      1.069019    0.986887    0.91337
2018_UL             29      1.073123    0.992863    0.919527
2018_UL             30      1.074573    0.998228    0.925893
2018_UL             31      1.071759    1.001758    0.931925
2018_UL             32      1.064387    1.003386    0.937853
2018_UL             33      1.054232    1.005129    0.945763
2018_UL             34      1.040375    1.006624    0.955623
2018_UL             35      1.023244    1.008838    0.968827
2018_UL             36      1.002303    1.01166     0.985942
2018_UL             37      0.978336    1.016032    1.008659
2018_UL             38      0.950474    1.020879    1.0367
2018_UL             39      0.920997    1.028187    1.072807
2018_UL             40      0.889697    1.03718     1.116898
2018_UL             41      0.856577    1.047111    1.168776
2018_UL             42      0.82274     1.058483    1.229533
2018_UL             43      0.788699    1.071088    1.299473
2018_UL             44      0.752987    1.081837    1.375178
2018_UL             45      0.719494    1.0951      1.462315
2018_UL             46      0.688041    1.109821    1.559881
2018_UL             47      0.659146    1.125987    1.667922
2018_UL             48      0.632601    1.142475    1.784395
2018_UL             49      0.606411    1.154748    1.900861
2018_UL             50      0.583769    1.168075    2.023912
2018_UL             51      0.561973    1.176962    2.142027
2018_UL             52      0.541833    1.183088    2.255289
2018_UL             53      0.528839    1.199639    2.387414
2018_UL             54      0.509343    1.197225    2.478764
2018_UL             55      0.491326    1.195081    2.565697
2018_UL             56      0.473317    1.191577    2.645366
2018_UL             57      0.463409    1.209475    2.77156
2018_UL             58      0.449068    1.218605    2.880555
2018_UL             59      0.437702    1.239559    3.024404
2018_UL             60      0.422187    1.252892    3.161072
2018_UL             61      0.396893    1.239235    3.242075
2018_UL             62      0.355223    1.171165    3.187861
2018_UL             63      0.309794    1.08168     3.074373
2018_UL             64      0.271672    1.006712    2.998165
2018_UL             65      0.231722    0.912498    2.856425
2018_UL             66      0.205413    0.860096    2.837117
2018_UL             67      0.17567     0.782099    2.723575
2018_UL             68      0.138967    0.657585    2.420399
2018_UL             69      0.125507    0.630882    2.455728
2018_UL             70      0.112197    0.598847    2.465259
2018_UL             71      0.126014    0.714113    3.108093
2018_UL             72      0.118814    0.715168    3.289362
2018_UL             73      0.083755    0.536035    2.604268
2018_UL             74      0.060008    0.409051    2.09879
2018_UL             75      0.058854    0.428306    2.321241
2018_UL             76      0.05669     0.441732    2.530404
2018_UL             77      0.052845    0.442357    2.681638
2018_UL             78      0.114712    1.035347    6.653971
2018_UL             79      1.0         1.0         1.0
2018_UL             80      1.0         1.0         1.0
2018_UL             81      1.0         1.0         1.0
2018_UL             82      1.0         1.0         1.0
2018_UL             83      1.0         1.0         1.0
2018_UL             84      1.0         1.0         1.0
2018_UL             85      1.0         1.0         1.0
2018_UL             86      1.0         1.0         1.0
2018_UL             87      1.0         1.0         1.0
2018_UL             88      1.0         1.0         1.0
2018_UL             89      1.0         1.0         1.0
2018_UL             90      1.0         1.0         1.0
2018_UL             91      1.0         1.0         1.0
2018_UL             92      1.0         1.0         1.0
2018_UL             93      1.0         1.0         1.0
2018_UL             94      1.0         1.0         1.0
2018_UL             95      1.0         1.0         1.0
2018_UL             96      1.0         1.0         1.0
2018_UL             97      1.0         1.0         1.0
2018_UL             98      1.0         1.0         1.0
2018_UL             99      1.0         1.0         1.0
