2016postVFP_UL      0.0     0.8     20.0    30.0    0       0.726181    0.863539    1.000897
2016postVFP_UL      0.0     0.8     30.0    50.0    0       0.615162    0.732491    0.849819
2016postVFP_UL      0.0     0.8     50.0    70.0    0       0.562116    0.670459    0.778803
2016postVFP_UL      0.0     0.8     70.0    100.0   0       0.540418    0.645865    0.751311
2016postVFP_UL      0.0     0.8     100.0   140.0   0       0.537313    0.643798    0.750282
2016postVFP_UL      0.0     0.8     140.0   200.0   0       0.55144     0.662829    0.774218
2016postVFP_UL      0.0     0.8     200.0   300.0   0       0.587325    0.708739    0.830153
2016postVFP_UL      0.0     0.8     300.0   600.0   0       0.684424    0.828774    0.973124
2016postVFP_UL      0.0     0.8     600.0   1000.0  0       0.822333    0.98015     1.137967
2016postVFP_UL      0.8     1.6     20.0    30.0    0       0.726181    0.863539    1.000897
2016postVFP_UL      0.8     1.6     30.0    50.0    0       0.615162    0.732491    0.849819
2016postVFP_UL      0.8     1.6     50.0    70.0    0       0.562116    0.670459    0.778803
2016postVFP_UL      0.8     1.6     70.0    100.0   0       0.540418    0.645865    0.751311
2016postVFP_UL      0.8     1.6     100.0   140.0   0       0.537313    0.643798    0.750282
2016postVFP_UL      0.8     1.6     140.0   200.0   0       0.55144     0.662829    0.774218
2016postVFP_UL      0.8     1.6     200.0   300.0   0       0.587325    0.708739    0.830153
2016postVFP_UL      0.8     1.6     300.0   600.0   0       0.684424    0.828774    0.973124
2016postVFP_UL      0.8     1.6     600.0   1000.0  0       0.822333    0.98015     1.137967
2016postVFP_UL      1.6     2.5     20.0    30.0    0       0.726181    0.863539    1.000897
2016postVFP_UL      1.6     2.5     30.0    50.0    0       0.615162    0.732491    0.849819
2016postVFP_UL      1.6     2.5     50.0    70.0    0       0.562116    0.670459    0.778803
2016postVFP_UL      1.6     2.5     70.0    100.0   0       0.540418    0.645865    0.751311
2016postVFP_UL      1.6     2.5     100.0   140.0   0       0.537313    0.643798    0.750282
2016postVFP_UL      1.6     2.5     140.0   200.0   0       0.55144     0.662829    0.774218
2016postVFP_UL      1.6     2.5     200.0   300.0   0       0.587325    0.708739    0.830153
2016postVFP_UL      1.6     2.5     300.0   600.0   0       0.684424    0.828774    0.973124
2016postVFP_UL      1.6     2.5     600.0   1000.0  0       0.822333    0.98015     1.137967
2016postVFP_UL      0.0     0.8     20.0    30.0    5       0.938254    0.974026    1.009799
2016postVFP_UL      0.0     0.8     30.0    50.0    5       0.964545    0.975766    0.986988
2016postVFP_UL      0.0     0.8     50.0    70.0    5       0.965211    0.976328    0.987445
2016postVFP_UL      0.0     0.8     70.0    100.0   5       0.964544    0.975636    0.986727
2016postVFP_UL      0.0     0.8     100.0   140.0   5       0.962523    0.973458    0.984394
2016postVFP_UL      0.0     0.8     140.0   200.0   5       0.957555    0.969345    0.981136
2016postVFP_UL      0.0     0.8     200.0   300.0   5       0.935787    0.962068    0.988348
2016postVFP_UL      0.0     0.8     300.0   600.0   5       0.907415    0.944348    0.981281
2016postVFP_UL      0.0     0.8     600.0   1000.0  5       0.808286    0.917817    1.027348
2016postVFP_UL      0.8     1.6     20.0    30.0    5       0.938254    0.974026    1.009799
2016postVFP_UL      0.8     1.6     30.0    50.0    5       0.964545    0.975766    0.986988
2016postVFP_UL      0.8     1.6     50.0    70.0    5       0.965211    0.976328    0.987445
2016postVFP_UL      0.8     1.6     70.0    100.0   5       0.964544    0.975636    0.986727
2016postVFP_UL      0.8     1.6     100.0   140.0   5       0.962523    0.973458    0.984394
2016postVFP_UL      0.8     1.6     140.0   200.0   5       0.957555    0.969345    0.981136
2016postVFP_UL      0.8     1.6     200.0   300.0   5       0.935787    0.962068    0.988348
2016postVFP_UL      0.8     1.6     300.0   600.0   5       0.907415    0.944348    0.981281
2016postVFP_UL      0.8     1.6     600.0   1000.0  5       0.808286    0.917817    1.027348
2016postVFP_UL      1.6     2.5     20.0    30.0    5       0.938254    0.974026    1.009799
2016postVFP_UL      1.6     2.5     30.0    50.0    5       0.964545    0.975766    0.986988
2016postVFP_UL      1.6     2.5     50.0    70.0    5       0.965211    0.976328    0.987445
2016postVFP_UL      1.6     2.5     70.0    100.0   5       0.964544    0.975636    0.986727
2016postVFP_UL      1.6     2.5     100.0   140.0   5       0.962523    0.973458    0.984394
2016postVFP_UL      1.6     2.5     140.0   200.0   5       0.957555    0.969345    0.981136
2016postVFP_UL      1.6     2.5     200.0   300.0   5       0.935787    0.962068    0.988348
2016postVFP_UL      1.6     2.5     300.0   600.0   5       0.907415    0.944348    0.981281
2016postVFP_UL      1.6     2.5     600.0   1000.0  5       0.808286    0.917817    1.027348
2016postVFP_UL      0.0     0.8     20.0    30.0    4       0.866709    0.974026    1.081344
2016postVFP_UL      0.0     0.8     30.0    50.0    4       0.942102    0.975766    1.009431
2016postVFP_UL      0.0     0.8     50.0    70.0    4       0.942977    0.976328    1.009678
2016postVFP_UL      0.0     0.8     70.0    100.0   4       0.942362    0.975636    1.00891
2016postVFP_UL      0.0     0.8     100.0   140.0   4       0.940651    0.973458    1.006266
2016postVFP_UL      0.0     0.8     140.0   200.0   4       0.933974    0.969345    1.004716
2016postVFP_UL      0.0     0.8     200.0   300.0   4       0.883226    0.962068    1.040909
2016postVFP_UL      0.0     0.8     300.0   600.0   4       0.833548    0.944348    1.055148
2016postVFP_UL      0.0     0.8     600.0   1000.0  4       0.589225    0.917817    1.24641
2016postVFP_UL      0.8     1.6     20.0    30.0    4       0.866709    0.974026    1.081344
2016postVFP_UL      0.8     1.6     30.0    50.0    4       0.942102    0.975766    1.009431
2016postVFP_UL      0.8     1.6     50.0    70.0    4       0.942977    0.976328    1.009678
2016postVFP_UL      0.8     1.6     70.0    100.0   4       0.942362    0.975636    1.00891
2016postVFP_UL      0.8     1.6     100.0   140.0   4       0.940651    0.973458    1.006266
2016postVFP_UL      0.8     1.6     140.0   200.0   4       0.933974    0.969345    1.004716
2016postVFP_UL      0.8     1.6     200.0   300.0   4       0.883226    0.962068    1.040909
2016postVFP_UL      0.8     1.6     300.0   600.0   4       0.833548    0.944348    1.055148
2016postVFP_UL      0.8     1.6     600.0   1000.0  4       0.589225    0.917817    1.24641
2016postVFP_UL      1.6     2.5     20.0    30.0    4       0.866709    0.974026    1.081344
2016postVFP_UL      1.6     2.5     30.0    50.0    4       0.942102    0.975766    1.009431
2016postVFP_UL      1.6     2.5     50.0    70.0    4       0.942977    0.976328    1.009678
2016postVFP_UL      1.6     2.5     70.0    100.0   4       0.942362    0.975636    1.00891
2016postVFP_UL      1.6     2.5     100.0   140.0   4       0.940651    0.973458    1.006266
2016postVFP_UL      1.6     2.5     140.0   200.0   4       0.933974    0.969345    1.004716
2016postVFP_UL      1.6     2.5     200.0   300.0   4       0.883226    0.962068    1.040909
2016postVFP_UL      1.6     2.5     300.0   600.0   4       0.833548    0.944348    1.055148
2016postVFP_UL      1.6     2.5     600.0   1000.0  4       0.589225    0.917817    1.24641
2016preVFP_UL       0.0     0.8     20.0    30.0    0       1.263607    1.441501    1.619394
2016preVFP_UL       0.0     0.8     30.0    50.0    0       1.230682    1.408412    1.586142
2016preVFP_UL       0.0     0.8     50.0    70.0    0       1.212099    1.392767    1.573434
2016preVFP_UL       0.0     0.8     70.0    100.0   0       1.201099    1.386676    1.572254
2016preVFP_UL       0.0     0.8     100.0   140.0   0       1.193772    1.386542    1.579312
2016preVFP_UL       0.0     0.8     140.0   200.0   0       1.19001     1.39237     1.59473
2016preVFP_UL       0.0     0.8     200.0   300.0   0       1.191987    1.406768    1.621548
2016preVFP_UL       0.0     0.8     300.0   600.0   0       1.223825    1.45043     1.677035
2016preVFP_UL       0.0     0.8     600.0   1000.0  0       1.362691    1.533859    1.705028
2016preVFP_UL       0.8     1.6     20.0    30.0    0       1.263607    1.441501    1.619394
2016preVFP_UL       0.8     1.6     30.0    50.0    0       1.230682    1.408412    1.586142
2016preVFP_UL       0.8     1.6     50.0    70.0    0       1.212099    1.392767    1.573434
2016preVFP_UL       0.8     1.6     70.0    100.0   0       1.201099    1.386676    1.572254
2016preVFP_UL       0.8     1.6     100.0   140.0   0       1.193772    1.386542    1.579312
2016preVFP_UL       0.8     1.6     140.0   200.0   0       1.19001     1.39237     1.59473
2016preVFP_UL       0.8     1.6     200.0   300.0   0       1.191987    1.406768    1.621548
2016preVFP_UL       0.8     1.6     300.0   600.0   0       1.223825    1.45043     1.677035
2016preVFP_UL       0.8     1.6     600.0   1000.0  0       1.362691    1.533859    1.705028
2016preVFP_UL       1.6     2.5     20.0    30.0    0       1.263607    1.441501    1.619394
2016preVFP_UL       1.6     2.5     30.0    50.0    0       1.230682    1.408412    1.586142
2016preVFP_UL       1.6     2.5     50.0    70.0    0       1.212099    1.392767    1.573434
2016preVFP_UL       1.6     2.5     70.0    100.0   0       1.201099    1.386676    1.572254
2016preVFP_UL       1.6     2.5     100.0   140.0   0       1.193772    1.386542    1.579312
2016preVFP_UL       1.6     2.5     140.0   200.0   0       1.19001     1.39237     1.59473
2016preVFP_UL       1.6     2.5     200.0   300.0   0       1.191987    1.406768    1.621548
2016preVFP_UL       1.6     2.5     300.0   600.0   0       1.223825    1.45043     1.677035
2016preVFP_UL       1.6     2.5     600.0   1000.0  0       1.362691    1.533859    1.705028
2016preVFP_UL       0.0     0.8     20.0    30.0    5       0.971613    0.99732     1.023027
2016preVFP_UL       0.0     0.8     30.0    50.0    5       0.983825    0.996085    1.008346
2016preVFP_UL       0.0     0.8     50.0    70.0    5       0.981699    0.994435    1.007171
2016preVFP_UL       0.0     0.8     70.0    100.0   5       0.97939     0.992364    1.005338
2016preVFP_UL       0.0     0.8     100.0   140.0   5       0.978027    0.989451    1.000875
2016preVFP_UL       0.0     0.8     140.0   200.0   5       0.973715    0.985262    0.996808
2016preVFP_UL       0.0     0.8     200.0   300.0   5       0.952833    0.978488    1.004143
2016preVFP_UL       0.0     0.8     300.0   600.0   5       0.903182    0.961164    1.019146
2016preVFP_UL       0.0     0.8     600.0   1000.0  5       0.811872    0.929437    1.047002
2016preVFP_UL       0.8     1.6     20.0    30.0    5       0.971613    0.99732     1.023027
2016preVFP_UL       0.8     1.6     30.0    50.0    5       0.983825    0.996085    1.008346
2016preVFP_UL       0.8     1.6     50.0    70.0    5       0.981699    0.994435    1.007171
2016preVFP_UL       0.8     1.6     70.0    100.0   5       0.97939     0.992364    1.005338
2016preVFP_UL       0.8     1.6     100.0   140.0   5       0.978027    0.989451    1.000875
2016preVFP_UL       0.8     1.6     140.0   200.0   5       0.973715    0.985262    0.996808
2016preVFP_UL       0.8     1.6     200.0   300.0   5       0.952833    0.978488    1.004143
2016preVFP_UL       0.8     1.6     300.0   600.0   5       0.903182    0.961164    1.019146
2016preVFP_UL       0.8     1.6     600.0   1000.0  5       0.811872    0.929437    1.047002
2016preVFP_UL       1.6     2.5     20.0    30.0    5       0.971613    0.99732     1.023027
2016preVFP_UL       1.6     2.5     30.0    50.0    5       0.983825    0.996085    1.008346
2016preVFP_UL       1.6     2.5     50.0    70.0    5       0.981699    0.994435    1.007171
2016preVFP_UL       1.6     2.5     70.0    100.0   5       0.97939     0.992364    1.005338
2016preVFP_UL       1.6     2.5     100.0   140.0   5       0.978027    0.989451    1.000875
2016preVFP_UL       1.6     2.5     140.0   200.0   5       0.973715    0.985262    0.996808
2016preVFP_UL       1.6     2.5     200.0   300.0   5       0.952833    0.978488    1.004143
2016preVFP_UL       1.6     2.5     300.0   600.0   5       0.903182    0.961164    1.019146
2016preVFP_UL       1.6     2.5     600.0   1000.0  5       0.811872    0.929437    1.047002
2016preVFP_UL       0.0     0.8     20.0    30.0    4       0.920199    0.99732     1.074441
2016preVFP_UL       0.0     0.8     30.0    50.0    4       0.959303    0.996085    1.032867
2016preVFP_UL       0.0     0.8     50.0    70.0    4       0.956226    0.994435    1.032644
2016preVFP_UL       0.0     0.8     70.0    100.0   4       0.953442    0.992364    1.031286
2016preVFP_UL       0.0     0.8     100.0   140.0   4       0.955179    0.989451    1.023724
2016preVFP_UL       0.0     0.8     140.0   200.0   4       0.950623    0.985262    1.0199
2016preVFP_UL       0.0     0.8     200.0   300.0   4       0.901524    0.978488    1.055452
2016preVFP_UL       0.0     0.8     300.0   600.0   4       0.787218    0.961164    1.13511
2016preVFP_UL       0.0     0.8     600.0   1000.0  4       0.576741    0.929437    1.282133
2016preVFP_UL       0.8     1.6     20.0    30.0    4       0.920199    0.99732     1.074441
2016preVFP_UL       0.8     1.6     30.0    50.0    4       0.959303    0.996085    1.032867
2016preVFP_UL       0.8     1.6     50.0    70.0    4       0.956226    0.994435    1.032644
2016preVFP_UL       0.8     1.6     70.0    100.0   4       0.953442    0.992364    1.031286
2016preVFP_UL       0.8     1.6     100.0   140.0   4       0.955179    0.989451    1.023724
2016preVFP_UL       0.8     1.6     140.0   200.0   4       0.950623    0.985262    1.0199
2016preVFP_UL       0.8     1.6     200.0   300.0   4       0.901524    0.978488    1.055452
2016preVFP_UL       0.8     1.6     300.0   600.0   4       0.787218    0.961164    1.13511
2016preVFP_UL       0.8     1.6     600.0   1000.0  4       0.576741    0.929437    1.282133
2016preVFP_UL       1.6     2.5     20.0    30.0    4       0.920199    0.99732     1.074441
2016preVFP_UL       1.6     2.5     30.0    50.0    4       0.959303    0.996085    1.032867
2016preVFP_UL       1.6     2.5     50.0    70.0    4       0.956226    0.994435    1.032644
2016preVFP_UL       1.6     2.5     70.0    100.0   4       0.953442    0.992364    1.031286
2016preVFP_UL       1.6     2.5     100.0   140.0   4       0.955179    0.989451    1.023724
2016preVFP_UL       1.6     2.5     140.0   200.0   4       0.950623    0.985262    1.0199
2016preVFP_UL       1.6     2.5     200.0   300.0   4       0.901524    0.978488    1.055452
2016preVFP_UL       1.6     2.5     300.0   600.0   4       0.787218    0.961164    1.13511
2016preVFP_UL       1.6     2.5     600.0   1000.0  4       0.576741    0.929437    1.282133
2017_UL             0.0     0.8     20.0    30.0    0       1.097915    1.253307    1.4087
2017_UL             0.0     0.8     30.0    50.0    0       1.109246    1.271269    1.433293
2017_UL             0.0     0.8     50.0    70.0    0       1.103825    1.271477    1.439128
2017_UL             0.0     0.8     70.0    100.0   0       1.088233    1.261017    1.433801
2017_UL             0.0     0.8     100.0   140.0   0       1.06243     1.24059     1.418749
2017_UL             0.0     0.8     140.0   200.0   0       1.025579    1.209019    1.392459
2017_UL             0.0     0.8     200.0   300.0   0       0.973337    1.160867    1.348396
2017_UL             0.0     0.8     300.0   600.0   0       0.889067    1.069887    1.250707
2017_UL             0.0     0.8     600.0   1000.0  0       0.901322    1.028173    1.155024
2017_UL             0.8     1.6     20.0    30.0    0       1.097915    1.253307    1.4087
2017_UL             0.8     1.6     30.0    50.0    0       1.109246    1.271269    1.433293
2017_UL             0.8     1.6     50.0    70.0    0       1.103825    1.271477    1.439128
2017_UL             0.8     1.6     70.0    100.0   0       1.088233    1.261017    1.433801
2017_UL             0.8     1.6     100.0   140.0   0       1.06243     1.24059     1.418749
2017_UL             0.8     1.6     140.0   200.0   0       1.025579    1.209019    1.392459
2017_UL             0.8     1.6     200.0   300.0   0       0.973337    1.160867    1.348396
2017_UL             0.8     1.6     300.0   600.0   0       0.889067    1.069887    1.250707
2017_UL             0.8     1.6     600.0   1000.0  0       0.901322    1.028173    1.155024
2017_UL             1.6     2.5     20.0    30.0    0       1.097915    1.253307    1.4087
2017_UL             1.6     2.5     30.0    50.0    0       1.109246    1.271269    1.433293
2017_UL             1.6     2.5     50.0    70.0    0       1.103825    1.271477    1.439128
2017_UL             1.6     2.5     70.0    100.0   0       1.088233    1.261017    1.433801
2017_UL             1.6     2.5     100.0   140.0   0       1.06243     1.24059     1.418749
2017_UL             1.6     2.5     140.0   200.0   0       1.025579    1.209019    1.392459
2017_UL             1.6     2.5     200.0   300.0   0       0.973337    1.160867    1.348396
2017_UL             1.6     2.5     300.0   600.0   0       0.889067    1.069887    1.250707
2017_UL             1.6     2.5     600.0   1000.0  0       0.901322    1.028173    1.155024
2017_UL             0.0     0.8     20.0    30.0    5       0.919344    0.951968    0.984592
2017_UL             0.0     0.8     30.0    50.0    5       0.945925    0.956326    0.966727
2017_UL             0.0     0.8     50.0    70.0    5       0.945341    0.960845    0.976349
2017_UL             0.0     0.8     70.0    100.0   5       0.950387    0.965254    0.980121
2017_UL             0.0     0.8     100.0   140.0   5       0.957889    0.97005     0.98221
2017_UL             0.0     0.8     140.0   200.0   5       0.962074    0.975274    0.988474
2017_UL             0.0     0.8     200.0   300.0   5       0.899124    0.981431    1.063739
2017_UL             0.0     0.8     300.0   600.0   5       0.929826    0.991398    1.052971
2017_UL             0.0     0.8     600.0   1000.0  5       0.922612    1.001618    1.080623
2017_UL             0.8     1.6     20.0    30.0    5       0.919344    0.951968    0.984592
2017_UL             0.8     1.6     30.0    50.0    5       0.945925    0.956326    0.966727
2017_UL             0.8     1.6     50.0    70.0    5       0.945341    0.960845    0.976349
2017_UL             0.8     1.6     70.0    100.0   5       0.950387    0.965254    0.980121
2017_UL             0.8     1.6     100.0   140.0   5       0.957889    0.97005     0.98221
2017_UL             0.8     1.6     140.0   200.0   5       0.962074    0.975274    0.988474
2017_UL             0.8     1.6     200.0   300.0   5       0.899124    0.981431    1.063739
2017_UL             0.8     1.6     300.0   600.0   5       0.929826    0.991398    1.052971
2017_UL             0.8     1.6     600.0   1000.0  5       0.922612    1.001618    1.080623
2017_UL             1.6     2.5     20.0    30.0    5       0.919344    0.951968    0.984592
2017_UL             1.6     2.5     30.0    50.0    5       0.945925    0.956326    0.966727
2017_UL             1.6     2.5     50.0    70.0    5       0.945341    0.960845    0.976349
2017_UL             1.6     2.5     70.0    100.0   5       0.950387    0.965254    0.980121
2017_UL             1.6     2.5     100.0   140.0   5       0.957889    0.97005     0.98221
2017_UL             1.6     2.5     140.0   200.0   5       0.962074    0.975274    0.988474
2017_UL             1.6     2.5     200.0   300.0   5       0.899124    0.981431    1.063739
2017_UL             1.6     2.5     300.0   600.0   5       0.929826    0.991398    1.052971
2017_UL             1.6     2.5     600.0   1000.0  5       0.922612    1.001618    1.080623
2017_UL             0.0     0.8     20.0    30.0    4       0.854097    0.951968    1.04984
2017_UL             0.0     0.8     30.0    50.0    4       0.925122    0.956326    0.987529
2017_UL             0.0     0.8     50.0    70.0    4       0.914334    0.960845    1.007356
2017_UL             0.0     0.8     70.0    100.0   4       0.920653    0.965254    1.009855
2017_UL             0.0     0.8     100.0   140.0   4       0.933568    0.97005     1.006532
2017_UL             0.0     0.8     140.0   200.0   4       0.935674    0.975274    1.014873
2017_UL             0.0     0.8     200.0   300.0   4       0.734509    0.981431    1.228353
2017_UL             0.0     0.8     300.0   600.0   4       0.80668     0.991398    1.176116
2017_UL             0.0     0.8     600.0   1000.0  4       0.7646      1.001618    1.238635
2017_UL             0.8     1.6     20.0    30.0    4       0.854097    0.951968    1.04984
2017_UL             0.8     1.6     30.0    50.0    4       0.925122    0.956326    0.987529
2017_UL             0.8     1.6     50.0    70.0    4       0.914334    0.960845    1.007356
2017_UL             0.8     1.6     70.0    100.0   4       0.920653    0.965254    1.009855
2017_UL             0.8     1.6     100.0   140.0   4       0.933568    0.97005     1.006532
2017_UL             0.8     1.6     140.0   200.0   4       0.935674    0.975274    1.014873
2017_UL             0.8     1.6     200.0   300.0   4       0.734509    0.981431    1.228353
2017_UL             0.8     1.6     300.0   600.0   4       0.80668     0.991398    1.176116
2017_UL             0.8     1.6     600.0   1000.0  4       0.7646      1.001618    1.238635
2017_UL             1.6     2.5     20.0    30.0    4       0.854097    0.951968    1.04984
2017_UL             1.6     2.5     30.0    50.0    4       0.925122    0.956326    0.987529
2017_UL             1.6     2.5     50.0    70.0    4       0.914334    0.960845    1.007356
2017_UL             1.6     2.5     70.0    100.0   4       0.920653    0.965254    1.009855
2017_UL             1.6     2.5     100.0   140.0   4       0.933568    0.97005     1.006532
2017_UL             1.6     2.5     140.0   200.0   4       0.935674    0.975274    1.014873
2017_UL             1.6     2.5     200.0   300.0   4       0.734509    0.981431    1.228353
2017_UL             1.6     2.5     300.0   600.0   4       0.80668     0.991398    1.176116
2017_UL             1.6     2.5     600.0   1000.0  4       0.7646      1.001618    1.238635
2018_UL             0.0     0.8     20.0    30.0    0       1.170606    1.361528    1.552449
2018_UL             0.0     0.8     30.0    50.0    0       1.180088    1.377048    1.574009
2018_UL             0.0     0.8     50.0    70.0    0       1.173155    1.374662    1.57617
2018_UL             0.0     0.8     70.0    100.0   0       1.156192    1.361407    1.566622
2018_UL             0.0     0.8     100.0   140.0   0       1.12892     1.33758     1.54624
2018_UL             0.0     0.8     140.0   200.0   0       1.090543    1.301983    1.513423
2018_UL             0.0     0.8     200.0   300.0   0       1.036974    1.249237    1.461499
2018_UL             0.0     0.8     300.0   600.0   0       0.955117    1.156349    1.357581
2018_UL             0.0     0.8     600.0   1000.0  0       0.994278    1.143846    1.293413
2018_UL             0.8     1.6     20.0    30.0    0       1.170606    1.361528    1.552449
2018_UL             0.8     1.6     30.0    50.0    0       1.180088    1.377048    1.574009
2018_UL             0.8     1.6     50.0    70.0    0       1.173155    1.374662    1.57617
2018_UL             0.8     1.6     70.0    100.0   0       1.156192    1.361407    1.566622
2018_UL             0.8     1.6     100.0   140.0   0       1.12892     1.33758     1.54624
2018_UL             0.8     1.6     140.0   200.0   0       1.090543    1.301983    1.513423
2018_UL             0.8     1.6     200.0   300.0   0       1.036974    1.249237    1.461499
2018_UL             0.8     1.6     300.0   600.0   0       0.955117    1.156349    1.357581
2018_UL             0.8     1.6     600.0   1000.0  0       0.994278    1.143846    1.293413
2018_UL             1.6     2.5     20.0    30.0    0       1.170606    1.361528    1.552449
2018_UL             1.6     2.5     30.0    50.0    0       1.180088    1.377048    1.574009
2018_UL             1.6     2.5     50.0    70.0    0       1.173155    1.374662    1.57617
2018_UL             1.6     2.5     70.0    100.0   0       1.156192    1.361407    1.566622
2018_UL             1.6     2.5     100.0   140.0   0       1.12892     1.33758     1.54624
2018_UL             1.6     2.5     140.0   200.0   0       1.090543    1.301983    1.513423
2018_UL             1.6     2.5     200.0   300.0   0       1.036974    1.249237    1.461499
2018_UL             1.6     2.5     300.0   600.0   0       0.955117    1.156349    1.357581
2018_UL             1.6     2.5     600.0   1000.0  0       0.994278    1.143846    1.293413
2018_UL             0.0     0.8     20.0    30.0    5       0.910183    0.937524    0.964864
2018_UL             0.0     0.8     30.0    50.0    5       0.94015     0.949692    0.959233
2018_UL             0.0     0.8     50.0    70.0    5       0.951368    0.959112    0.966855
2018_UL             0.0     0.8     70.0    100.0   5       0.957885    0.965109    0.972333
2018_UL             0.0     0.8     100.0   140.0   5       0.95996     0.967966    0.975971
2018_UL             0.0     0.8     140.0   200.0   5       0.9581      0.966593    0.975086
2018_UL             0.0     0.8     200.0   300.0   5       0.934409    0.958719    0.98303
2018_UL             0.0     0.8     300.0   600.0   5       0.896582    0.930683    0.964784
2018_UL             0.0     0.8     600.0   1000.0  5       0.815099    0.880405    0.945711
2018_UL             0.8     1.6     20.0    30.0    5       0.910183    0.937524    0.964864
2018_UL             0.8     1.6     30.0    50.0    5       0.94015     0.949692    0.959233
2018_UL             0.8     1.6     50.0    70.0    5       0.951368    0.959112    0.966855
2018_UL             0.8     1.6     70.0    100.0   5       0.957885    0.965109    0.972333
2018_UL             0.8     1.6     100.0   140.0   5       0.95996     0.967966    0.975971
2018_UL             0.8     1.6     140.0   200.0   5       0.9581      0.966593    0.975086
2018_UL             0.8     1.6     200.0   300.0   5       0.934409    0.958719    0.98303
2018_UL             0.8     1.6     300.0   600.0   5       0.896582    0.930683    0.964784
2018_UL             0.8     1.6     600.0   1000.0  5       0.815099    0.880405    0.945711
2018_UL             1.6     2.5     20.0    30.0    5       0.910183    0.937524    0.964864
2018_UL             1.6     2.5     30.0    50.0    5       0.94015     0.949692    0.959233
2018_UL             1.6     2.5     50.0    70.0    5       0.951368    0.959112    0.966855
2018_UL             1.6     2.5     70.0    100.0   5       0.957885    0.965109    0.972333
2018_UL             1.6     2.5     100.0   140.0   5       0.95996     0.967966    0.975971
2018_UL             1.6     2.5     140.0   200.0   5       0.9581      0.966593    0.975086
2018_UL             1.6     2.5     200.0   300.0   5       0.934409    0.958719    0.98303
2018_UL             1.6     2.5     300.0   600.0   5       0.896582    0.930683    0.964784
2018_UL             1.6     2.5     600.0   1000.0  5       0.815099    0.880405    0.945711
2018_UL             0.0     0.8     20.0    30.0    4       0.855502    0.937524    1.019545
2018_UL             0.0     0.8     30.0    50.0    4       0.921068    0.949692    0.978315
2018_UL             0.0     0.8     50.0    70.0    4       0.935882    0.959112    0.982342
2018_UL             0.0     0.8     70.0    100.0   4       0.943438    0.965109    0.98678
2018_UL             0.0     0.8     100.0   140.0   4       0.94395     0.967966    0.991981
2018_UL             0.0     0.8     140.0   200.0   4       0.941115    0.966593    0.992071
2018_UL             0.0     0.8     200.0   300.0   4       0.885788    0.958719    1.031651
2018_UL             0.0     0.8     300.0   600.0   4       0.828379    0.930683    1.032986
2018_UL             0.0     0.8     600.0   1000.0  4       0.684487    0.880405    1.076323
2018_UL             0.8     1.6     20.0    30.0    4       0.855502    0.937524    1.019545
2018_UL             0.8     1.6     30.0    50.0    4       0.921068    0.949692    0.978315
2018_UL             0.8     1.6     50.0    70.0    4       0.935882    0.959112    0.982342
2018_UL             0.8     1.6     70.0    100.0   4       0.943438    0.965109    0.98678
2018_UL             0.8     1.6     100.0   140.0   4       0.94395     0.967966    0.991981
2018_UL             0.8     1.6     140.0   200.0   4       0.941115    0.966593    0.992071
2018_UL             0.8     1.6     200.0   300.0   4       0.885788    0.958719    1.031651
2018_UL             0.8     1.6     300.0   600.0   4       0.828379    0.930683    1.032986
2018_UL             0.8     1.6     600.0   1000.0  4       0.684487    0.880405    1.076323
2018_UL             1.6     2.5     20.0    30.0    4       0.855502    0.937524    1.019545
2018_UL             1.6     2.5     30.0    50.0    4       0.921068    0.949692    0.978315
2018_UL             1.6     2.5     50.0    70.0    4       0.935882    0.959112    0.982342
2018_UL             1.6     2.5     70.0    100.0   4       0.943438    0.965109    0.98678
2018_UL             1.6     2.5     100.0   140.0   4       0.94395     0.967966    0.991981
2018_UL             1.6     2.5     140.0   200.0   4       0.941115    0.966593    0.992071
2018_UL             1.6     2.5     200.0   300.0   4       0.885788    0.958719    1.031651
2018_UL             1.6     2.5     300.0   600.0   4       0.828379    0.930683    1.032986
2018_UL             1.6     2.5     600.0   1000.0  4       0.684487    0.880405    1.076323
Run3Summer22        0.0     0.8     20.0    30.0    0       1.00821     1.13923     1.241163
Run3Summer22        0.0     0.8     30.0    50.0    0       1.04784     1.18087     1.306065
Run3Summer22        0.0     0.8     50.0    70.0    0       1.062601    1.217066    1.368286
Run3Summer22        0.0     0.8     70.0    100.0   0       1.063312    1.242731    1.419
Run3Summer22        0.0     0.8     100.0   140.0   0       1.054033    1.257304    1.457441
Run3Summer22        0.0     0.8     140.0   200.0   0       1.035071    1.255433    1.473861
Run3Summer22        0.0     0.8     200.0   300.0   0       1.004126    1.229274    1.454541
Run3Summer22        0.0     0.8     300.0   600.0   0       0.950801    1.148879    1.347712
Run3Summer22        0.0     0.8     600.0   1000.0  0       0.96706     1.122124    1.277435
Run3Summer22        0.8     1.6     20.0    30.0    0       1.00821     1.13923     1.241163
Run3Summer22        0.8     1.6     30.0    50.0    0       1.04784     1.18087     1.306065
Run3Summer22        0.8     1.6     50.0    70.0    0       1.062601    1.217066    1.368286
Run3Summer22        0.8     1.6     70.0    100.0   0       1.063312    1.242731    1.419
Run3Summer22        0.8     1.6     100.0   140.0   0       1.054033    1.257304    1.457441
Run3Summer22        0.8     1.6     140.0   200.0   0       1.035071    1.255433    1.473861
Run3Summer22        0.8     1.6     200.0   300.0   0       1.004126    1.229274    1.454541
Run3Summer22        0.8     1.6     300.0   600.0   0       0.950801    1.148879    1.347712
Run3Summer22        0.8     1.6     600.0   1000.0  0       0.96706     1.122124    1.277435
Run3Summer22        1.6     2.5     20.0    30.0    0       1.00821     1.13923     1.241163
Run3Summer22        1.6     2.5     30.0    50.0    0       1.04784     1.18087     1.306065
Run3Summer22        1.6     2.5     50.0    70.0    0       1.062601    1.217066    1.368286
Run3Summer22        1.6     2.5     70.0    100.0   0       1.063312    1.242731    1.419
Run3Summer22        1.6     2.5     100.0   140.0   0       1.054033    1.257304    1.457441
Run3Summer22        1.6     2.5     140.0   200.0   0       1.035071    1.255433    1.473861
Run3Summer22        1.6     2.5     200.0   300.0   0       1.004126    1.229274    1.454541
Run3Summer22        1.6     2.5     300.0   600.0   0       0.950801    1.148879    1.347712
Run3Summer22        1.6     2.5     600.0   1000.0  0       0.96706     1.122124    1.277435
Run3Summer22        0.0     0.8     20.0    30.0    5       0.917409    0.965502    1.013596
Run3Summer22        0.0     0.8     30.0    50.0    5       0.944873    0.963415    0.981956
Run3Summer22        0.0     0.8     50.0    70.0    5       0.934922    0.96107     0.987217
Run3Summer22        0.0     0.8     70.0    100.0   5       0.945126    0.958602    0.972077
Run3Summer22        0.0     0.8     100.0   140.0   5       0.946852    0.955711    0.96457
Run3Summer22        0.0     0.8     140.0   200.0   5       0.943359    0.952309    0.961259
Run3Summer22        0.0     0.8     200.0   300.0   5       0.922721    0.947947    0.973174
Run3Summer22        0.0     0.8     300.0   600.0   5       0.696806    0.940025    1.183244
Run3Summer22        0.0     0.8     600.0   1000.0  5       0.86025     0.93069     1.001129
Run3Summer22        0.8     1.6     20.0    30.0    5       0.917409    0.965502    1.013596
Run3Summer22        0.8     1.6     30.0    50.0    5       0.944873    0.963415    0.981956
Run3Summer22        0.8     1.6     50.0    70.0    5       0.934922    0.96107     0.987217
Run3Summer22        0.8     1.6     70.0    100.0   5       0.945126    0.958602    0.972077
Run3Summer22        0.8     1.6     100.0   140.0   5       0.946852    0.955711    0.96457
Run3Summer22        0.8     1.6     140.0   200.0   5       0.943359    0.952309    0.961259
Run3Summer22        0.8     1.6     200.0   300.0   5       0.922721    0.947947    0.973174
Run3Summer22        0.8     1.6     300.0   600.0   5       0.696806    0.940025    1.183244
Run3Summer22        0.8     1.6     600.0   1000.0  5       0.86025     0.93069     1.001129
Run3Summer22        1.6     2.5     20.0    30.0    5       0.917409    0.965502    1.013596
Run3Summer22        1.6     2.5     30.0    50.0    5       0.944873    0.963415    0.981956
Run3Summer22        1.6     2.5     50.0    70.0    5       0.934922    0.96107     0.987217
Run3Summer22        1.6     2.5     70.0    100.0   5       0.945126    0.958602    0.972077
Run3Summer22        1.6     2.5     100.0   140.0   5       0.946852    0.955711    0.96457
Run3Summer22        1.6     2.5     140.0   200.0   5       0.943359    0.952309    0.961259
Run3Summer22        1.6     2.5     200.0   300.0   5       0.922721    0.947947    0.973174
Run3Summer22        1.6     2.5     300.0   600.0   5       0.696806    0.940025    1.183244
Run3Summer22        1.6     2.5     600.0   1000.0  5       0.86025     0.93069     1.001129
Run3Summer22        0.0     0.8     20.0    30.0    4       0.821221    0.965502    1.109783
Run3Summer22        0.0     0.8     30.0    50.0    4       0.90779     0.963415    1.01904
Run3Summer22        0.0     0.8     50.0    70.0    4       0.882628    0.96107     1.039511
Run3Summer22        0.0     0.8     70.0    100.0   4       0.918175    0.958602    0.999028
Run3Summer22        0.0     0.8     100.0   140.0   4       0.929134    0.955711    0.982288
Run3Summer22        0.0     0.8     140.0   200.0   4       0.925459    0.952309    0.979159
Run3Summer22        0.0     0.8     200.0   300.0   4       0.872268    0.947947    1.023627
Run3Summer22        0.0     0.8     300.0   600.0   4       0.210367    0.940025    1.669683
Run3Summer22        0.0     0.8     600.0   1000.0  4       0.719372    0.93069     1.142007
Run3Summer22        0.8     1.6     20.0    30.0    4       0.821221    0.965502    1.109783
Run3Summer22        0.8     1.6     30.0    50.0    4       0.90779     0.963415    1.01904
Run3Summer22        0.8     1.6     50.0    70.0    4       0.882628    0.96107     1.039511
Run3Summer22        0.8     1.6     70.0    100.0   4       0.918175    0.958602    0.999028
Run3Summer22        0.8     1.6     100.0   140.0   4       0.929134    0.955711    0.982288
Run3Summer22        0.8     1.6     140.0   200.0   4       0.925459    0.952309    0.979159
Run3Summer22        0.8     1.6     200.0   300.0   4       0.872268    0.947947    1.023627
Run3Summer22        0.8     1.6     300.0   600.0   4       0.210367    0.940025    1.669683
Run3Summer22        0.8     1.6     600.0   1000.0  4       0.719372    0.93069     1.142007
Run3Summer22        1.6     2.5     20.0    30.0    4       0.821221    0.965502    1.109783
Run3Summer22        1.6     2.5     30.0    50.0    4       0.90779     0.963415    1.01904
Run3Summer22        1.6     2.5     50.0    70.0    4       0.882628    0.96107     1.039511
Run3Summer22        1.6     2.5     70.0    100.0   4       0.918175    0.958602    0.999028
Run3Summer22        1.6     2.5     100.0   140.0   4       0.929134    0.955711    0.982288
Run3Summer22        1.6     2.5     140.0   200.0   4       0.925459    0.952309    0.979159
Run3Summer22        1.6     2.5     200.0   300.0   4       0.872268    0.947947    1.023627
Run3Summer22        1.6     2.5     300.0   600.0   4       0.210367    0.940025    1.669683
Run3Summer22        1.6     2.5     600.0   1000.0  4       0.719372    0.93069     1.142007
Run3Summer22EE      0.0     0.8     20.0    30.0    0       1.176694    1.25717     1.35379
Run3Summer22EE      0.0     0.8     30.0    50.0    0       1.224406    1.399151    1.525716
Run3Summer22EE      0.0     0.8     50.0    70.0    0       1.241153    1.465148    1.639999
Run3Summer22EE      0.0     0.8     70.0    100.0   0       1.240431    1.489719    1.704656
Run3Summer22EE      0.0     0.8     100.0   140.0   0       1.22691     1.489122    1.734098
Run3Summer22EE      0.0     0.8     140.0   200.0   0       1.200587    1.465487    1.726917
Run3Summer22EE      0.0     0.8     200.0   300.0   0       1.15748     1.414341    1.675623
Run3Summer22EE      0.0     0.8     300.0   600.0   0       1.077261    1.301127    1.526809
Run3Summer22EE      0.0     0.8     600.0   1000.0  0       1.063981    1.23856     1.412383
Run3Summer22EE      0.8     1.6     20.0    30.0    0       1.176694    1.25717     1.35379
Run3Summer22EE      0.8     1.6     30.0    50.0    0       1.224406    1.399151    1.525716
Run3Summer22EE      0.8     1.6     50.0    70.0    0       1.241153    1.465148    1.639999
Run3Summer22EE      0.8     1.6     70.0    100.0   0       1.240431    1.489719    1.704656
Run3Summer22EE      0.8     1.6     100.0   140.0   0       1.22691     1.489122    1.734098
Run3Summer22EE      0.8     1.6     140.0   200.0   0       1.200587    1.465487    1.726917
Run3Summer22EE      0.8     1.6     200.0   300.0   0       1.15748     1.414341    1.675623
Run3Summer22EE      0.8     1.6     300.0   600.0   0       1.077261    1.301127    1.526809
Run3Summer22EE      0.8     1.6     600.0   1000.0  0       1.063981    1.23856     1.412383
Run3Summer22EE      1.6     2.5     20.0    30.0    0       1.176694    1.25717     1.35379
Run3Summer22EE      1.6     2.5     30.0    50.0    0       1.224406    1.399151    1.525716
Run3Summer22EE      1.6     2.5     50.0    70.0    0       1.241153    1.465148    1.639999
Run3Summer22EE      1.6     2.5     70.0    100.0   0       1.240431    1.489719    1.704656
Run3Summer22EE      1.6     2.5     100.0   140.0   0       1.22691     1.489122    1.734098
Run3Summer22EE      1.6     2.5     140.0   200.0   0       1.200587    1.465487    1.726917
Run3Summer22EE      1.6     2.5     200.0   300.0   0       1.15748     1.414341    1.675623
Run3Summer22EE      1.6     2.5     300.0   600.0   0       1.077261    1.301127    1.526809
Run3Summer22EE      1.6     2.5     600.0   1000.0  0       1.063981    1.23856     1.412383
Run3Summer22EE      0.0     0.8     20.0    30.0    5       0.931518    0.973816    1.016114
Run3Summer22EE      0.0     0.8     30.0    50.0    5       0.954326    0.978783    1.00324
Run3Summer22EE      0.0     0.8     50.0    70.0    5       0.960558    0.981983    1.003408
Run3Summer22EE      0.0     0.8     70.0    100.0   5       0.971049    0.983158    0.995266
Run3Summer22EE      0.0     0.8     100.0   140.0   5       0.977297    0.9822      0.987103
Run3Summer22EE      0.0     0.8     140.0   200.0   5       0.972624    0.978422    0.98422
Run3Summer22EE      0.0     0.8     200.0   300.0   5       0.959532    0.970155    0.980777
Run3Summer22EE      0.0     0.8     300.0   600.0   5       0.800649    0.947448    1.094247
Run3Summer22EE      0.0     0.8     600.0   1000.0  5       0.829845    0.911037    0.992229
Run3Summer22EE      0.8     1.6     20.0    30.0    5       0.931518    0.973816    1.016114
Run3Summer22EE      0.8     1.6     30.0    50.0    5       0.954326    0.978783    1.00324
Run3Summer22EE      0.8     1.6     50.0    70.0    5       0.960558    0.981983    1.003408
Run3Summer22EE      0.8     1.6     70.0    100.0   5       0.971049    0.983158    0.995266
Run3Summer22EE      0.8     1.6     100.0   140.0   5       0.977297    0.9822      0.987103
Run3Summer22EE      0.8     1.6     140.0   200.0   5       0.972624    0.978422    0.98422
Run3Summer22EE      0.8     1.6     200.0   300.0   5       0.959532    0.970155    0.980777
Run3Summer22EE      0.8     1.6     300.0   600.0   5       0.800649    0.947448    1.094247
Run3Summer22EE      0.8     1.6     600.0   1000.0  5       0.829845    0.911037    0.992229
Run3Summer22EE      1.6     2.5     20.0    30.0    5       0.931518    0.973816    1.016114
Run3Summer22EE      1.6     2.5     30.0    50.0    5       0.954326    0.978783    1.00324
Run3Summer22EE      1.6     2.5     50.0    70.0    5       0.960558    0.981983    1.003408
Run3Summer22EE      1.6     2.5     70.0    100.0   5       0.971049    0.983158    0.995266
Run3Summer22EE      1.6     2.5     100.0   140.0   5       0.977297    0.9822      0.987103
Run3Summer22EE      1.6     2.5     140.0   200.0   5       0.972624    0.978422    0.98422
Run3Summer22EE      1.6     2.5     200.0   300.0   5       0.959532    0.970155    0.980777
Run3Summer22EE      1.6     2.5     300.0   600.0   5       0.800649    0.947448    1.094247
Run3Summer22EE      1.6     2.5     600.0   1000.0  5       0.829845    0.911037    0.992229
Run3Summer22EE      0.0     0.8     20.0    30.0    4       0.846922    0.973816    1.10071
Run3Summer22EE      0.0     0.8     30.0    50.0    4       0.905411    0.978783    1.052155
Run3Summer22EE      0.0     0.8     50.0    70.0    4       0.917708    0.981983    1.046258
Run3Summer22EE      0.0     0.8     70.0    100.0   4       0.946833    0.983158    1.019483
Run3Summer22EE      0.0     0.8     100.0   140.0   4       0.967491    0.9822      0.996909
Run3Summer22EE      0.0     0.8     140.0   200.0   4       0.961028    0.978422    0.995816
Run3Summer22EE      0.0     0.8     200.0   300.0   4       0.938287    0.970155    1.002022
Run3Summer22EE      0.0     0.8     300.0   600.0   4       0.50705     0.947448    1.387845
Run3Summer22EE      0.0     0.8     600.0   1000.0  4       0.667461    0.911037    1.154613
Run3Summer22EE      0.8     1.6     20.0    30.0    4       0.846922    0.973816    1.10071
Run3Summer22EE      0.8     1.6     30.0    50.0    4       0.905411    0.978783    1.052155
Run3Summer22EE      0.8     1.6     50.0    70.0    4       0.917708    0.981983    1.046258
Run3Summer22EE      0.8     1.6     70.0    100.0   4       0.946833    0.983158    1.019483
Run3Summer22EE      0.8     1.6     100.0   140.0   4       0.967491    0.9822      0.996909
Run3Summer22EE      0.8     1.6     140.0   200.0   4       0.961028    0.978422    0.995816
Run3Summer22EE      0.8     1.6     200.0   300.0   4       0.938287    0.970155    1.002022
Run3Summer22EE      0.8     1.6     300.0   600.0   4       0.50705     0.947448    1.387845
Run3Summer22EE      0.8     1.6     600.0   1000.0  4       0.667461    0.911037    1.154613
Run3Summer22EE      1.6     2.5     20.0    30.0    4       0.846922    0.973816    1.10071
Run3Summer22EE      1.6     2.5     30.0    50.0    4       0.905411    0.978783    1.052155
Run3Summer22EE      1.6     2.5     50.0    70.0    4       0.917708    0.981983    1.046258
Run3Summer22EE      1.6     2.5     70.0    100.0   4       0.946833    0.983158    1.019483
Run3Summer22EE      1.6     2.5     100.0   140.0   4       0.967491    0.9822      0.996909
Run3Summer22EE      1.6     2.5     140.0   200.0   4       0.961028    0.978422    0.995816
Run3Summer22EE      1.6     2.5     200.0   300.0   4       0.938287    0.970155    1.002022
Run3Summer22EE      1.6     2.5     300.0   600.0   4       0.50705     0.947448    1.387845
Run3Summer22EE      1.6     2.5     600.0   1000.0  4       0.667461    0.911037    1.154613
Run3Summer23        0.0     0.8     20.0    30.0    0       1.500892    1.693561    1.886231
Run3Summer23        0.0     0.8     30.0    50.0    0       1.472424    1.676932    1.881441
Run3Summer23        0.0     0.8     50.0    70.0    0       1.436687    1.655104    1.873522
Run3Summer23        0.0     0.8     70.0    100.0   0       1.395391    1.628379    1.861366
Run3Summer23        0.0     0.8     100.0   140.0   0       1.343426    1.592028    1.84063
Run3Summer23        0.0     0.8     140.0   200.0   0       1.279853    1.542309    1.804765
Run3Summer23        0.0     0.8     200.0   300.0   0       1.200333    1.468368    1.736403
Run3Summer23        0.0     0.8     300.0   600.0   0       1.087176    1.315887    1.544598
Run3Summer23        0.0     0.8     600.0   1000.0  0       1.03662     1.174533    1.312446
Run3Summer23        0.8     1.6     20.0    30.0    0       1.500892    1.693561    1.886231
Run3Summer23        0.8     1.6     30.0    50.0    0       1.472424    1.676932    1.881441
Run3Summer23        0.8     1.6     50.0    70.0    0       1.436687    1.655104    1.873522
Run3Summer23        0.8     1.6     70.0    100.0   0       1.395391    1.628379    1.861366
Run3Summer23        0.8     1.6     100.0   140.0   0       1.343426    1.592028    1.84063
Run3Summer23        0.8     1.6     140.0   200.0   0       1.279853    1.542309    1.804765
Run3Summer23        0.8     1.6     200.0   300.0   0       1.200333    1.468368    1.736403
Run3Summer23        0.8     1.6     300.0   600.0   0       1.087176    1.315887    1.544598
Run3Summer23        0.8     1.6     600.0   1000.0  0       1.03662     1.174533    1.312446
Run3Summer23        1.6     2.5     20.0    30.0    0       1.500892    1.693561    1.886231
Run3Summer23        1.6     2.5     30.0    50.0    0       1.472424    1.676932    1.881441
Run3Summer23        1.6     2.5     50.0    70.0    0       1.436687    1.655104    1.873522
Run3Summer23        1.6     2.5     70.0    100.0   0       1.395391    1.628379    1.861366
Run3Summer23        1.6     2.5     100.0   140.0   0       1.343426    1.592028    1.84063
Run3Summer23        1.6     2.5     140.0   200.0   0       1.279853    1.542309    1.804765
Run3Summer23        1.6     2.5     200.0   300.0   0       1.200333    1.468368    1.736403
Run3Summer23        1.6     2.5     300.0   600.0   0       1.087176    1.315887    1.544598
Run3Summer23        1.6     2.5     600.0   1000.0  0       1.03662     1.174533    1.312446
Run3Summer23        0.0     0.8     20.0    30.0    5       0.911241    0.984378    1.057516
Run3Summer23        0.0     0.8     30.0    50.0    5       0.959241    0.98595     1.012659
Run3Summer23        0.0     0.8     50.0    70.0    5       0.967905    0.986664    1.005423
Run3Summer23        0.0     0.8     70.0    100.0   5       0.961177    0.986802    1.012427
Run3Summer23        0.0     0.8     100.0   140.0   5       0.965373    0.986506    1.00764
Run3Summer23        0.0     0.8     140.0   200.0   5       0.966071    0.985772    1.005472
Run3Summer23        0.0     0.8     200.0   300.0   5       0.948355    0.984446    1.020536
Run3Summer23        0.0     0.8     300.0   600.0   5       0.931446    0.98139     1.031335
Run3Summer23        0.0     0.8     600.0   1000.0  5       0.91153     0.977189    1.042849
Run3Summer23        0.8     1.6     20.0    30.0    5       0.911241    0.984378    1.057516
Run3Summer23        0.8     1.6     30.0    50.0    5       0.959241    0.98595     1.012659
Run3Summer23        0.8     1.6     50.0    70.0    5       0.967905    0.986664    1.005423
Run3Summer23        0.8     1.6     70.0    100.0   5       0.961177    0.986802    1.012427
Run3Summer23        0.8     1.6     100.0   140.0   5       0.965373    0.986506    1.00764
Run3Summer23        0.8     1.6     140.0   200.0   5       0.966071    0.985772    1.005472
Run3Summer23        0.8     1.6     200.0   300.0   5       0.948355    0.984446    1.020536
Run3Summer23        0.8     1.6     300.0   600.0   5       0.931446    0.98139     1.031335
Run3Summer23        0.8     1.6     600.0   1000.0  5       0.91153     0.977189    1.042849
Run3Summer23        1.6     2.5     20.0    30.0    5       0.911241    0.984378    1.057516
Run3Summer23        1.6     2.5     30.0    50.0    5       0.959241    0.98595     1.012659
Run3Summer23        1.6     2.5     50.0    70.0    5       0.967905    0.986664    1.005423
Run3Summer23        1.6     2.5     70.0    100.0   5       0.961177    0.986802    1.012427
Run3Summer23        1.6     2.5     100.0   140.0   5       0.965373    0.986506    1.00764
Run3Summer23        1.6     2.5     140.0   200.0   5       0.966071    0.985772    1.005472
Run3Summer23        1.6     2.5     200.0   300.0   5       0.948355    0.984446    1.020536
Run3Summer23        1.6     2.5     300.0   600.0   5       0.931446    0.98139     1.031335
Run3Summer23        1.6     2.5     600.0   1000.0  5       0.91153     0.977189    1.042849
Run3Summer23        0.0     0.8     20.0    30.0    4       0.764966    0.984378    1.203791
Run3Summer23        0.0     0.8     30.0    50.0    4       0.905823    0.98595     1.066077
Run3Summer23        0.0     0.8     50.0    70.0    4       0.930387    0.986664    1.04294
Run3Summer23        0.0     0.8     70.0    100.0   4       0.909928    0.986802    1.063676
Run3Summer23        0.0     0.8     100.0   140.0   4       0.923105    0.986506    1.049908
Run3Summer23        0.0     0.8     140.0   200.0   4       0.926671    0.985772    1.044872
Run3Summer23        0.0     0.8     200.0   300.0   4       0.876175    0.984446    1.092717
Run3Summer23        0.0     0.8     300.0   600.0   4       0.831558    0.98139     1.131223
Run3Summer23        0.0     0.8     600.0   1000.0  4       0.78021     0.977189    1.174168
Run3Summer23        0.8     1.6     20.0    30.0    4       0.764966    0.984378    1.203791
Run3Summer23        0.8     1.6     30.0    50.0    4       0.905823    0.98595     1.066077
Run3Summer23        0.8     1.6     50.0    70.0    4       0.930387    0.986664    1.04294
Run3Summer23        0.8     1.6     70.0    100.0   4       0.909928    0.986802    1.063676
Run3Summer23        0.8     1.6     100.0   140.0   4       0.923105    0.986506    1.049908
Run3Summer23        0.8     1.6     140.0   200.0   4       0.926671    0.985772    1.044872
Run3Summer23        0.8     1.6     200.0   300.0   4       0.876175    0.984446    1.092717
Run3Summer23        0.8     1.6     300.0   600.0   4       0.831558    0.98139     1.131223
Run3Summer23        0.8     1.6     600.0   1000.0  4       0.78021     0.977189    1.174168
Run3Summer23        1.6     2.5     20.0    30.0    4       0.764966    0.984378    1.203791
Run3Summer23        1.6     2.5     30.0    50.0    4       0.905823    0.98595     1.066077
Run3Summer23        1.6     2.5     50.0    70.0    4       0.930387    0.986664    1.04294
Run3Summer23        1.6     2.5     70.0    100.0   4       0.909928    0.986802    1.063676
Run3Summer23        1.6     2.5     100.0   140.0   4       0.923105    0.986506    1.049908
Run3Summer23        1.6     2.5     140.0   200.0   4       0.926671    0.985772    1.044872
Run3Summer23        1.6     2.5     200.0   300.0   4       0.876175    0.984446    1.092717
Run3Summer23        1.6     2.5     300.0   600.0   4       0.831558    0.98139     1.131223
Run3Summer23        1.6     2.5     600.0   1000.0  4       0.78021     0.977189    1.174168
Run3Summer23BPix    0.0     0.8     20.0    30.0    0       1.334865    1.508632    1.682399
Run3Summer23BPix    0.0     0.8     30.0    50.0    0       1.311321    1.495747    1.680174
Run3Summer23BPix    0.0     0.8     50.0    70.0    0       1.281821    1.478855    1.675888
Run3Summer23BPix    0.0     0.8     70.0    100.0   0       1.247831    1.458206    1.668582
Run3Summer23BPix    0.0     0.8     100.0   140.0   0       1.205259    1.430188    1.655116
Run3Summer23BPix    0.0     0.8     140.0   200.0   0       1.153621    1.392005    1.63039
Run3Summer23BPix    0.0     0.8     200.0   300.0   0       1.090241    1.335594    1.580947
Run3Summer23BPix    0.0     0.8     300.0   600.0   0       1.006977    1.221564    1.43615
Run3Summer23BPix    0.0     0.8     600.0   1000.0  0       0.99088     1.126595    1.262309
Run3Summer23BPix    0.8     1.6     20.0    30.0    0       1.334865    1.508632    1.682399
Run3Summer23BPix    0.8     1.6     30.0    50.0    0       1.311321    1.495747    1.680174
Run3Summer23BPix    0.8     1.6     50.0    70.0    0       1.281821    1.478855    1.675888
Run3Summer23BPix    0.8     1.6     70.0    100.0   0       1.247831    1.458206    1.668582
Run3Summer23BPix    0.8     1.6     100.0   140.0   0       1.205259    1.430188    1.655116
Run3Summer23BPix    0.8     1.6     140.0   200.0   0       1.153621    1.392005    1.63039
Run3Summer23BPix    0.8     1.6     200.0   300.0   0       1.090241    1.335594    1.580947
Run3Summer23BPix    0.8     1.6     300.0   600.0   0       1.006977    1.221564    1.43615
Run3Summer23BPix    0.8     1.6     600.0   1000.0  0       0.99088     1.126595    1.262309
Run3Summer23BPix    1.6     2.5     20.0    30.0    0       1.334865    1.508632    1.682399
Run3Summer23BPix    1.6     2.5     30.0    50.0    0       1.311321    1.495747    1.680174
Run3Summer23BPix    1.6     2.5     50.0    70.0    0       1.281821    1.478855    1.675888
Run3Summer23BPix    1.6     2.5     70.0    100.0   0       1.247831    1.458206    1.668582
Run3Summer23BPix    1.6     2.5     100.0   140.0   0       1.205259    1.430188    1.655116
Run3Summer23BPix    1.6     2.5     140.0   200.0   0       1.153621    1.392005    1.63039
Run3Summer23BPix    1.6     2.5     200.0   300.0   0       1.090241    1.335594    1.580947
Run3Summer23BPix    1.6     2.5     300.0   600.0   0       1.006977    1.221564    1.43615
Run3Summer23BPix    1.6     2.5     600.0   1000.0  0       0.99088     1.126595    1.262309
Run3Summer23BPix    0.0     0.8     20.0    30.0    5       0.969074    1.000666    1.032258
Run3Summer23BPix    0.0     0.8     30.0    50.0    5       0.950153    0.97751     1.004866
Run3Summer23BPix    0.0     0.8     50.0    70.0    5       0.94367     0.966645    0.989619
Run3Summer23BPix    0.0     0.8     70.0    100.0   5       0.940651    0.96405     0.987449
Run3Summer23BPix    0.0     0.8     100.0   140.0   5       0.942698    0.967617    0.992536
Run3Summer23BPix    0.0     0.8     140.0   200.0   5       0.947473    0.977416    1.00736
Run3Summer23BPix    0.0     0.8     200.0   300.0   5       0.955914    0.995533    1.035152
Run3Summer23BPix    0.0     0.8     300.0   600.0   5       0.982358    1.037831    1.093304
Run3Summer23BPix    0.0     0.8     600.0   1000.0  5       0.994657    1.096413    1.198168
Run3Summer23BPix    0.8     1.6     20.0    30.0    5       0.969074    1.000666    1.032258
Run3Summer23BPix    0.8     1.6     30.0    50.0    5       0.950153    0.97751     1.004866
Run3Summer23BPix    0.8     1.6     50.0    70.0    5       0.94367     0.966645    0.989619
Run3Summer23BPix    0.8     1.6     70.0    100.0   5       0.940651    0.96405     0.987449
Run3Summer23BPix    0.8     1.6     100.0   140.0   5       0.942698    0.967617    0.992536
Run3Summer23BPix    0.8     1.6     140.0   200.0   5       0.947473    0.977416    1.00736
Run3Summer23BPix    0.8     1.6     200.0   300.0   5       0.955914    0.995533    1.035152
Run3Summer23BPix    0.8     1.6     300.0   600.0   5       0.982358    1.037831    1.093304
Run3Summer23BPix    0.8     1.6     600.0   1000.0  5       0.994657    1.096413    1.198168
Run3Summer23BPix    1.6     2.5     20.0    30.0    5       0.969074    1.000666    1.032258
Run3Summer23BPix    1.6     2.5     30.0    50.0    5       0.950153    0.97751     1.004866
Run3Summer23BPix    1.6     2.5     50.0    70.0    5       0.94367     0.966645    0.989619
Run3Summer23BPix    1.6     2.5     70.0    100.0   5       0.940651    0.96405     0.987449
Run3Summer23BPix    1.6     2.5     100.0   140.0   5       0.942698    0.967617    0.992536
Run3Summer23BPix    1.6     2.5     140.0   200.0   5       0.947473    0.977416    1.00736
Run3Summer23BPix    1.6     2.5     200.0   300.0   5       0.955914    0.995533    1.035152
Run3Summer23BPix    1.6     2.5     300.0   600.0   5       0.982358    1.037831    1.093304
Run3Summer23BPix    1.6     2.5     600.0   1000.0  5       0.994657    1.096413    1.198168
Run3Summer23BPix    0.0     0.8     20.0    30.0    4       0.905891    1.000666    1.095441
Run3Summer23BPix    0.0     0.8     30.0    50.0    4       0.895441    0.97751     1.059579
Run3Summer23BPix    0.0     0.8     50.0    70.0    4       0.89772     0.966645    1.035569
Run3Summer23BPix    0.0     0.8     70.0    100.0   4       0.893853    0.96405     1.034248
Run3Summer23BPix    0.0     0.8     100.0   140.0   4       0.89286     0.967617    1.042374
Run3Summer23BPix    0.0     0.8     140.0   200.0   4       0.887587    0.977416    1.067246
Run3Summer23BPix    0.0     0.8     200.0   300.0   4       0.876676    0.995533    1.114389
Run3Summer23BPix    0.0     0.8     300.0   600.0   4       0.871412    1.037831    1.20425
Run3Summer23BPix    0.0     0.8     600.0   1000.0  4       0.791147    1.096413    1.401679
Run3Summer23BPix    0.8     1.6     20.0    30.0    4       0.905891    1.000666    1.095441
Run3Summer23BPix    0.8     1.6     30.0    50.0    4       0.895441    0.97751     1.059579
Run3Summer23BPix    0.8     1.6     50.0    70.0    4       0.89772     0.966645    1.035569
Run3Summer23BPix    0.8     1.6     70.0    100.0   4       0.893853    0.96405     1.034248
Run3Summer23BPix    0.8     1.6     100.0   140.0   4       0.89286     0.967617    1.042374
Run3Summer23BPix    0.8     1.6     140.0   200.0   4       0.887587    0.977416    1.067246
Run3Summer23BPix    0.8     1.6     200.0   300.0   4       0.876676    0.995533    1.114389
Run3Summer23BPix    0.8     1.6     300.0   600.0   4       0.871412    1.037831    1.20425
Run3Summer23BPix    0.8     1.6     600.0   1000.0  4       0.791147    1.096413    1.401679
Run3Summer23BPix    1.6     2.5     20.0    30.0    4       0.905891    1.000666    1.095441
Run3Summer23BPix    1.6     2.5     30.0    50.0    4       0.895441    0.97751     1.059579
Run3Summer23BPix    1.6     2.5     50.0    70.0    4       0.89772     0.966645    1.035569
Run3Summer23BPix    1.6     2.5     70.0    100.0   4       0.893853    0.96405     1.034248
Run3Summer23BPix    1.6     2.5     100.0   140.0   4       0.89286     0.967617    1.042374
Run3Summer23BPix    1.6     2.5     140.0   200.0   4       0.887587    0.977416    1.067246
Run3Summer23BPix    1.6     2.5     200.0   300.0   4       0.876676    0.995533    1.114389
Run3Summer23BPix    1.6     2.5     300.0   600.0   4       0.871412    1.037831    1.20425
Run3Summer23BPix    1.6     2.5     600.0   1000.0  4       0.791147    1.096413    1.401679
