2016postVFP_UL      0.0     0.9     15.0    20.0    0.977739    0.989664    1.001588
2016postVFP_UL      0.0     0.9     20.0    25.0    0.984609    0.994829    1.005048
2016postVFP_UL      0.0     0.9     25.0    30.0    0.985503    0.991511    0.997518
2016postVFP_UL      0.0     0.9     30.0    40.0    0.994713    0.995604    0.996496
2016postVFP_UL      0.0     0.9     40.0    50.0    0.996558    0.996983    0.997408
2016postVFP_UL      0.0     0.9     50.0    60.0    0.996721    0.997197    0.997674
2016postVFP_UL      0.0     0.9     60.0    120.0   0.998471    0.99902     0.999568
2016postVFP_UL      0.0     0.9     120.0   1500.0  0.998471    0.99902     0.999568
2016postVFP_UL      0.9     1.2     15.0    20.0    0.990561    1.001993    1.013426
2016postVFP_UL      0.9     1.2     20.0    25.0    0.992233    1.000374    1.008516
2016postVFP_UL      0.9     1.2     25.0    30.0    0.996194    1.003366    1.010538
2016postVFP_UL      0.9     1.2     30.0    40.0    0.999712    1.000551    1.001389
2016postVFP_UL      0.9     1.2     40.0    50.0    0.99753     0.997945    0.99836
2016postVFP_UL      0.9     1.2     50.0    60.0    0.998563    0.999615    1.000666
2016postVFP_UL      0.9     1.2     60.0    120.0   0.999056    1.000043    1.00103
2016postVFP_UL      0.9     1.2     120.0   1500.0  0.999056    1.000043    1.00103
2016postVFP_UL      1.2     2.1     15.0    20.0    0.996508    1.003302    1.010095
2016postVFP_UL      1.2     2.1     20.0    25.0    1.001241    1.007046    1.012852
2016postVFP_UL      1.2     2.1     25.0    30.0    1.000891    1.005174    1.009456
2016postVFP_UL      1.2     2.1     30.0    40.0    1.000432    1.001592    1.002752
2016postVFP_UL      1.2     2.1     40.0    50.0    0.999639    0.999832    1.000024
2016postVFP_UL      1.2     2.1     50.0    60.0    0.9984      0.998874    0.999348
2016postVFP_UL      1.2     2.1     60.0    120.0   0.999341    0.999879    1.000416
2016postVFP_UL      1.2     2.1     120.0   1500.0  0.999341    0.999879    1.000416
2016postVFP_UL      2.1     2.4     15.0    20.0    1.007843    1.013776    1.01971
2016postVFP_UL      2.1     2.4     20.0    25.0    1.006456    1.010786    1.015115
2016postVFP_UL      2.1     2.4     25.0    30.0    1.001327    1.004284    1.007241
2016postVFP_UL      2.1     2.4     30.0    40.0    1.002245    1.00315     1.004055
2016postVFP_UL      2.1     2.4     40.0    50.0    1.00058     1.001092    1.001605
2016postVFP_UL      2.1     2.4     50.0    60.0    0.999851    1.001071    1.002292
2016postVFP_UL      2.1     2.4     60.0    120.0   0.999514    1.000795    1.002076
2016postVFP_UL      2.1     2.4     120.0   1500.0  0.999514    1.000795    1.002076
2016preVFP_UL       0.0     0.9     15.0    20.0    0.972646    0.985422    0.998198
2016preVFP_UL       0.0     0.9     20.0    25.0    0.976615    0.987327    0.99804
2016preVFP_UL       0.0     0.9     25.0    30.0    0.975301    0.985757    0.996213
2016preVFP_UL       0.0     0.9     30.0    40.0    0.991254    0.993049    0.994844
2016preVFP_UL       0.0     0.9     40.0    50.0    0.995926    0.996407    0.996888
2016preVFP_UL       0.0     0.9     50.0    60.0    0.996311    0.996877    0.997442
2016preVFP_UL       0.0     0.9     60.0    120.0   0.998302    0.998679    0.999055
2016preVFP_UL       0.0     0.9     120.0   1500.0  0.998302    0.998679    0.999055
2016preVFP_UL       0.9     1.2     15.0    20.0    0.970235    0.980148    0.990061
2016preVFP_UL       0.9     1.2     20.0    25.0    0.977092    0.987034    0.996976
2016preVFP_UL       0.9     1.2     25.0    30.0    0.989617    0.996132    1.002648
2016preVFP_UL       0.9     1.2     30.0    40.0    0.994719    0.996355    0.997991
2016preVFP_UL       0.9     1.2     40.0    50.0    0.996705    0.997037    0.997369
2016preVFP_UL       0.9     1.2     50.0    60.0    0.996356    0.997158    0.997959
2016preVFP_UL       0.9     1.2     60.0    120.0   0.99748     0.998847    1.000215
2016preVFP_UL       0.9     1.2     120.0   1500.0  0.99748     0.998847    1.000215
2016preVFP_UL       1.2     2.1     15.0    20.0    0.990947    0.997244    1.003541
2016preVFP_UL       1.2     2.1     20.0    25.0    0.991225    0.996751    1.002277
2016preVFP_UL       1.2     2.1     25.0    30.0    0.997591    1.001137    1.004683
2016preVFP_UL       1.2     2.1     30.0    40.0    0.997571    0.998863    1.000154
2016preVFP_UL       1.2     2.1     40.0    50.0    0.99857     0.99877     0.998969
2016preVFP_UL       1.2     2.1     50.0    60.0    0.997943    0.998385    0.998827
2016preVFP_UL       1.2     2.1     60.0    120.0   0.999181    0.999575    0.99997
2016preVFP_UL       1.2     2.1     120.0   1500.0  0.999181    0.999575    0.99997
2016preVFP_UL       2.1     2.4     15.0    20.0    1.002362    1.007311    1.01226
2016preVFP_UL       2.1     2.4     20.0    25.0    0.999186    1.00367     1.008154
2016preVFP_UL       2.1     2.4     25.0    30.0    1.002254    1.005059    1.007863
2016preVFP_UL       2.1     2.4     30.0    40.0    0.999483    1.000355    1.001227
2016preVFP_UL       2.1     2.4     40.0    50.0    1.000591    1.000952    1.001313
2016preVFP_UL       2.1     2.4     50.0    60.0    0.998914    0.999808    1.000701
2016preVFP_UL       2.1     2.4     60.0    120.0   0.99953     1.000566    1.001603
2016preVFP_UL       2.1     2.4     120.0   1500.0  0.99953     1.000566    1.001603
2017_UL             0.0     0.9     15.0    20.0    0.98211     0.994782    1.007455
2017_UL             0.0     0.9     20.0    25.0    0.990247    1.001694    1.013142
2017_UL             0.0     0.9     25.0    30.0    0.989437    0.99717     1.004903
2017_UL             0.0     0.9     30.0    40.0    0.995831    0.997361    0.998891
2017_UL             0.0     0.9     40.0    50.0    0.997635    0.997806    0.997978
2017_UL             0.0     0.9     50.0    60.0    0.997145    0.997829    0.998514
2017_UL             0.0     0.9     60.0    120.0   0.998231    0.998653    0.999074
2017_UL             0.0     0.9     120.0   1500.0  0.998231    0.998653    0.999074
2017_UL             0.9     1.2     15.0    20.0    1.007859    1.018399    1.02894
2017_UL             0.9     1.2     20.0    25.0    0.988112    1.003883    1.019655
2017_UL             0.9     1.2     25.0    30.0    0.999827    1.007545    1.015262
2017_UL             0.9     1.2     30.0    40.0    1.001231    1.002008    1.002786
2017_UL             0.9     1.2     40.0    50.0    0.99723     0.9992      1.001171
2017_UL             0.9     1.2     50.0    60.0    0.998235    0.998833    0.999432
2017_UL             0.9     1.2     60.0    120.0   0.999509    1.000294    1.001079
2017_UL             0.9     1.2     120.0   1500.0  0.999509    1.000294    1.001079
2017_UL             1.2     2.1     15.0    20.0    1.021958    1.028437    1.034915
2017_UL             1.2     2.1     20.0    25.0    1.016267    1.023195    1.030123
2017_UL             1.2     2.1     25.0    30.0    1.009502    1.013922    1.018343
2017_UL             1.2     2.1     30.0    40.0    1.005892    1.006437    1.006982
2017_UL             1.2     2.1     40.0    50.0    1.002296    1.002494    1.002691
2017_UL             1.2     2.1     50.0    60.0    1.000711    1.001047    1.001384
2017_UL             1.2     2.1     60.0    120.0   1.000034    1.00045     1.000865
2017_UL             1.2     2.1     120.0   1500.0  1.000034    1.00045     1.000865
2017_UL             2.1     2.4     15.0    20.0    1.023704    1.030022    1.03634
2017_UL             2.1     2.4     20.0    25.0    1.018961    1.024066    1.029171
2017_UL             2.1     2.4     25.0    30.0    1.012109    1.015612    1.019116
2017_UL             2.1     2.4     30.0    40.0    1.005513    1.006077    1.006642
2017_UL             2.1     2.4     40.0    50.0    1.001871    1.002661    1.003451
2017_UL             2.1     2.4     50.0    60.0    0.999682    1.000546    1.00141
2017_UL             2.1     2.4     60.0    120.0   0.999463    1.000556    1.001649
2017_UL             2.1     2.4     120.0   1500.0  0.999463    1.000556    1.001649
2018_UL             0.0     0.9     15.0    20.0    0.9726      0.985571    0.998542
2018_UL             0.0     0.9     20.0    25.0    0.97987     0.991537    1.003205
2018_UL             0.0     0.9     25.0    30.0    0.981927    0.98928     0.996634
2018_UL             0.0     0.9     30.0    40.0    0.993023    0.994293    0.995563
2018_UL             0.0     0.9     40.0    50.0    0.995832    0.996038    0.996244
2018_UL             0.0     0.9     50.0    60.0    0.995749    0.996612    0.997475
2018_UL             0.0     0.9     60.0    120.0   0.997929    0.998251    0.998574
2018_UL             0.0     0.9     120.0   1500.0  0.997929    0.998251    0.998574
2018_UL             0.9     1.2     15.0    20.0    0.958652    0.970431    0.982209
2018_UL             0.9     1.2     20.0    25.0    0.970074    0.979496    0.988917
2018_UL             0.9     1.2     25.0    30.0    0.978848    0.98611     0.993372
2018_UL             0.9     1.2     30.0    40.0    0.987214    0.98828     0.989346
2018_UL             0.9     1.2     40.0    50.0    0.991712    0.992032    0.992351
2018_UL             0.9     1.2     50.0    60.0    0.993888    0.99445     0.995013
2018_UL             0.9     1.2     60.0    120.0   0.995106    0.996483    0.99786
2018_UL             0.9     1.2     120.0   1500.0  0.995106    0.996483    0.99786
2018_UL             1.2     2.1     15.0    20.0    0.997796    1.003336    1.008875
2018_UL             1.2     2.1     20.0    25.0    0.995428    1.001535    1.007642
2018_UL             1.2     2.1     25.0    30.0    0.995613    0.999623    1.003634
2018_UL             1.2     2.1     30.0    40.0    0.999028    0.999436    0.999843
2018_UL             1.2     2.1     40.0    50.0    0.998672    0.998821    0.99897
2018_UL             1.2     2.1     50.0    60.0    0.998563    0.999185    0.999808
2018_UL             1.2     2.1     60.0    120.0   0.99916     0.999517    0.999874
2018_UL             1.2     2.1     120.0   1500.0  0.99916     0.999517    0.999874
2018_UL             2.1     2.4     15.0    20.0    1.021021    1.025254    1.029488
2018_UL             2.1     2.4     20.0    25.0    1.016796    1.019842    1.022888
2018_UL             2.1     2.4     25.0    30.0    1.01039     1.012454    1.014518
2018_UL             2.1     2.4     30.0    40.0    1.007402    1.008065    1.008728
2018_UL             2.1     2.4     40.0    50.0    1.003405    1.003729    1.004053
2018_UL             2.1     2.4     50.0    60.0    1.002102    1.002846    1.00359
2018_UL             2.1     2.4     60.0    120.0   1.001259    1.002989    1.004718
2018_UL             2.1     2.4     120.0   1500.0  1.001259    1.002989    1.004718
Run3Summer22        0.0     0.9     15.0    20.0    0.976304    0.981179    0.986055
Run3Summer22        0.0     0.9     20.0    25.0    0.985095    0.987899    0.990703
Run3Summer22        0.0     0.9     25.0    30.0    0.986903    0.987881    0.988859
Run3Summer22        0.0     0.9     30.0    40.0    0.994147    0.99472     0.995293
Run3Summer22        0.0     0.9     40.0    50.0    0.996402    0.996639    0.996875
Run3Summer22        0.0     0.9     50.0    60.0    0.995706    0.996476    0.997246
Run3Summer22        0.0     0.9     60.0    120.0   0.99718     0.998626    1.000072
Run3Summer22        0.0     0.9     120.0   1500.0  0.996511    1.005934    1.015357
Run3Summer22        0.9     1.2     15.0    20.0    0.956967    0.962871    0.968775
Run3Summer22        0.9     1.2     20.0    25.0    0.966424    0.978164    0.989905
Run3Summer22        0.9     1.2     25.0    30.0    0.974353    0.98103     0.987707
Run3Summer22        0.9     1.2     30.0    40.0    0.982366    0.984147    0.985928
Run3Summer22        0.9     1.2     40.0    50.0    0.989853    0.990482    0.991111
Run3Summer22        0.9     1.2     50.0    60.0    0.991916    0.993272    0.994628
Run3Summer22        0.9     1.2     60.0    120.0   0.994931    0.995927    0.996923
Run3Summer22        0.9     1.2     120.0   1500.0  0.999257    1.003835    1.008413
Run3Summer22        1.2     2.1     15.0    20.0    0.962657    0.971133    0.979608
Run3Summer22        1.2     2.1     20.0    25.0    0.974429    0.980268    0.986108
Run3Summer22        1.2     2.1     25.0    30.0    0.984344    0.986032    0.987719
Run3Summer22        1.2     2.1     30.0    40.0    0.989025    0.990218    0.991411
Run3Summer22        1.2     2.1     40.0    50.0    0.993125    0.994082    0.99504
Run3Summer22        1.2     2.1     50.0    60.0    0.995085    0.996103    0.997121
Run3Summer22        1.2     2.1     60.0    120.0   0.996732    0.998262    0.999792
Run3Summer22        1.2     2.1     120.0   1500.0  1.003223    1.009936    1.01665
Run3Summer22        2.1     2.4     15.0    20.0    0.971854    0.981504    0.991155
Run3Summer22        2.1     2.4     20.0    25.0    0.993137    1.002231    1.011325
Run3Summer22        2.1     2.4     25.0    30.0    0.991311    0.995453    0.999594
Run3Summer22        2.1     2.4     30.0    40.0    0.999149    0.999895    1.00064
Run3Summer22        2.1     2.4     40.0    50.0    0.999458    1.000143    1.000829
Run3Summer22        2.1     2.4     50.0    60.0    0.998246    0.999448    1.00065
Run3Summer22        2.1     2.4     60.0    120.0   0.997981    1.001177    1.004372
Run3Summer22        2.1     2.4     120.0   1500.0  0.99654     1.006445    1.016351
Run3Summer22EE      0.0     0.9     15.0    20.0    0.788643    0.798663    0.808683
Run3Summer22EE      0.0     0.9     20.0    25.0    0.831825    0.840472    0.849118
Run3Summer22EE      0.0     0.9     25.0    30.0    0.871556    0.877609    0.883661
Run3Summer22EE      0.0     0.9     30.0    40.0    0.911652    0.914446    0.917241
Run3Summer22EE      0.0     0.9     40.0    50.0    0.944352    0.946747    0.949142
Run3Summer22EE      0.0     0.9     50.0    60.0    0.964288    0.966579    0.96887
Run3Summer22EE      0.0     0.9     60.0    120.0   0.98126     0.982927    0.984594
Run3Summer22EE      0.0     0.9     120.0   1500.0  0.996693    1.001772    1.00685
Run3Summer22EE      0.9     1.2     15.0    20.0    0.736473    0.744161    0.75185
Run3Summer22EE      0.9     1.2     20.0    25.0    0.781766    0.789731    0.797696
Run3Summer22EE      0.9     1.2     25.0    30.0    0.823012    0.829737    0.836461
Run3Summer22EE      0.9     1.2     30.0    40.0    0.871138    0.874346    0.877555
Run3Summer22EE      0.9     1.2     40.0    50.0    0.914797    0.917337    0.919877
Run3Summer22EE      0.9     1.2     50.0    60.0    0.944929    0.94696     0.94899
Run3Summer22EE      0.9     1.2     60.0    120.0   0.972886    0.974166    0.975447
Run3Summer22EE      0.9     1.2     120.0   1500.0  0.994313    1.001421    1.008528
Run3Summer22EE      1.2     2.1     15.0    20.0    0.963335    0.967462    0.971589
Run3Summer22EE      1.2     2.1     20.0    25.0    0.964269    0.968002    0.971735
Run3Summer22EE      1.2     2.1     25.0    30.0    0.970511    0.97358     0.97665
Run3Summer22EE      1.2     2.1     30.0    40.0    0.978046    0.979345    0.980644
Run3Summer22EE      1.2     2.1     40.0    50.0    0.984702    0.985812    0.986923
Run3Summer22EE      1.2     2.1     50.0    60.0    0.989474    0.990696    0.991917
Run3Summer22EE      1.2     2.1     60.0    120.0   0.994534    0.994852    0.99517
Run3Summer22EE      1.2     2.1     120.0   1500.0  0.998979    1.000951    1.002923
Run3Summer22EE      2.1     2.4     15.0    20.0    1.027728    1.032426    1.037124
Run3Summer22EE      2.1     2.4     20.0    25.0    1.028519    1.029928    1.031336
Run3Summer22EE      2.1     2.4     25.0    30.0    1.017234    1.021304    1.025374
Run3Summer22EE      2.1     2.4     30.0    40.0    1.01237     1.013841    1.015313
Run3Summer22EE      2.1     2.4     40.0    50.0    1.006191    1.00658     1.006969
Run3Summer22EE      2.1     2.4     50.0    60.0    1.003139    1.003889    1.00464
Run3Summer22EE      2.1     2.4     60.0    120.0   1.002409    1.004157    1.005905
Run3Summer22EE      2.1     2.4     120.0   1500.0  0.997817    1.005258    1.012699
Run3Summer23        0.0     0.9     15.0    20.0    1.023429    1.031946    1.040463
Run3Summer23        0.0     0.9     20.0    25.0    1.016642    1.018371    1.020099
Run3Summer23        0.0     0.9     25.0    30.0    1.006125    1.009555    1.012986
Run3Summer23        0.0     0.9     30.0    40.0    1.004881    1.008006    1.01113
Run3Summer23        0.0     0.9     40.0    50.0    1.002386    1.00376     1.005134
Run3Summer23        0.0     0.9     50.0    60.0    1.000553    1.001566    1.002579
Run3Summer23        0.0     0.9     60.0    120.0   0.999287    1.000147    1.001006
Run3Summer23        0.0     0.9     120.0   1500.0  0.993053    0.999031    1.005009
Run3Summer23        0.9     1.2     15.0    20.0    1.03192     1.036308    1.040696
Run3Summer23        0.9     1.2     20.0    25.0    1.026764    1.03137     1.035976
Run3Summer23        0.9     1.2     25.0    30.0    1.023841    1.026253    1.028665
Run3Summer23        0.9     1.2     30.0    40.0    1.007743    1.011243    1.014743
Run3Summer23        0.9     1.2     40.0    50.0    1.003718    1.005018    1.006317
Run3Summer23        0.9     1.2     50.0    60.0    1.000927    1.00223     1.003533
Run3Summer23        0.9     1.2     60.0    120.0   1.000042    1.001363    1.002684
Run3Summer23        0.9     1.2     120.0   1500.0  1.000993    1.006528    1.012063
Run3Summer23        1.2     2.1     15.0    20.0    1.040947    1.044001    1.047054
Run3Summer23        1.2     2.1     20.0    25.0    1.023121    1.029843    1.036565
Run3Summer23        1.2     2.1     25.0    30.0    1.016386    1.020747    1.025107
Run3Summer23        1.2     2.1     30.0    40.0    1.011301    1.013848    1.016395
Run3Summer23        1.2     2.1     40.0    50.0    1.005412    1.006234    1.007057
Run3Summer23        1.2     2.1     50.0    60.0    1.001727    1.003073    1.00442
Run3Summer23        1.2     2.1     60.0    120.0   0.999937    1.001971    1.004004
Run3Summer23        1.2     2.1     120.0   1500.0  1.000444    1.004658    1.008871
Run3Summer23        2.1     2.4     15.0    20.0    1.023888    1.029412    1.034935
Run3Summer23        2.1     2.4     20.0    25.0    1.013747    1.023286    1.032826
Run3Summer23        2.1     2.4     25.0    30.0    1.009133    1.016367    1.023602
Run3Summer23        2.1     2.4     30.0    40.0    1.007422    1.009485    1.011549
Run3Summer23        2.1     2.4     40.0    50.0    1.003841    1.004147    1.004453
Run3Summer23        2.1     2.4     50.0    60.0    0.998938    1.001006    1.003074
Run3Summer23        2.1     2.4     60.0    120.0   1.001839    1.002632    1.003425
Run3Summer23        2.1     2.4     120.0   1500.0  1.000296    1.004549    1.008802
Run3Summer23BPix    0.0     0.9     15.0    20.0    1.007986    1.025842    1.043697
Run3Summer23BPix    0.0     0.9     20.0    25.0    1.026512    1.030975    1.035439
Run3Summer23BPix    0.0     0.9     25.0    30.0    1.02302     1.02539     1.027761
Run3Summer23BPix    0.0     0.9     30.0    40.0    1.011       1.012717    1.014433
Run3Summer23BPix    0.0     0.9     40.0    50.0    1.004727    1.006155    1.007582
Run3Summer23BPix    0.0     0.9     50.0    60.0    1.002321    1.003027    1.003734
Run3Summer23BPix    0.0     0.9     60.0    120.0   1.001693    1.002538    1.003384
Run3Summer23BPix    0.0     0.9     120.0   1500.0  0.997898    1.000589    1.00328
Run3Summer23BPix    0.9     1.2     15.0    20.0    1.042202    1.057613    1.073025
Run3Summer23BPix    0.9     1.2     20.0    25.0    1.042514    1.046176    1.049837
Run3Summer23BPix    0.9     1.2     25.0    30.0    1.035205    1.039174    1.043143
Run3Summer23BPix    0.9     1.2     30.0    40.0    1.015911    1.018411    1.020912
Run3Summer23BPix    0.9     1.2     40.0    50.0    1.008103    1.008912    1.009721
Run3Summer23BPix    0.9     1.2     50.0    60.0    1.00323     1.003907    1.004584
Run3Summer23BPix    0.9     1.2     60.0    120.0   0.997239    1.002236    1.007232
Run3Summer23BPix    0.9     1.2     120.0   1500.0  0.99839     1.008697    1.019004
Run3Summer23BPix    1.2     2.1     15.0    20.0    1.03226     1.045048    1.057837
Run3Summer23BPix    1.2     2.1     20.0    25.0    1.025363    1.032042    1.03872
Run3Summer23BPix    1.2     2.1     25.0    30.0    1.016864    1.020029    1.023194
Run3Summer23BPix    1.2     2.1     30.0    40.0    1.009507    1.011864    1.014222
Run3Summer23BPix    1.2     2.1     40.0    50.0    1.004276    1.004981    1.005685
Run3Summer23BPix    1.2     2.1     50.0    60.0    1.000335    1.001967    1.003599
Run3Summer23BPix    1.2     2.1     60.0    120.0   0.999577    1.001509    1.003442
Run3Summer23BPix    1.2     2.1     120.0   1500.0  0.997661    1.002306    1.006952
Run3Summer23BPix    2.1     2.4     15.0    20.0    1.021221    1.028219    1.035218
Run3Summer23BPix    2.1     2.4     20.0    25.0    1.019706    1.030659    1.041612
Run3Summer23BPix    2.1     2.4     25.0    30.0    1.000957    1.013082    1.025207
Run3Summer23BPix    2.1     2.4     30.0    40.0    1.008624    1.010862    1.013101
Run3Summer23BPix    2.1     2.4     40.0    50.0    1.003662    1.004608    1.005554
Run3Summer23BPix    2.1     2.4     50.0    60.0    1.001413    1.003144    1.004875
Run3Summer23BPix    2.1     2.4     60.0    120.0   0.999675    1.002106    1.004538
Run3Summer23BPix    2.1     2.4     120.0   1500.0  0.996394    1.00718     1.017965
