2016postVFP_UL      0.0     0.9     15.0    20.0    0.769809    1.063897    1.357984
2016postVFP_UL      0.0     0.9     20.0    25.0    0.953175    0.991884    1.030593
2016postVFP_UL      0.0     0.9     25.0    30.0    0.980275    0.994274    1.008273
2016postVFP_UL      0.0     0.9     30.0    40.0    0.997924    0.998676    0.999427
2016postVFP_UL      0.0     0.9     40.0    50.0    0.99805     0.998865    0.999679
2016postVFP_UL      0.0     0.9     50.0    60.0    0.995165    0.997445    0.999725
2016postVFP_UL      0.0     0.9     60.0    120.0   0.986614    0.992959    0.999304
2016postVFP_UL      0.0     0.9     120.0   1500.0  0.986614    0.992959    0.999304
2016postVFP_UL      0.9     1.2     15.0    20.0    0.896573    0.959347    1.02212
2016postVFP_UL      0.9     1.2     20.0    25.0    0.971599    0.983726    0.995852
2016postVFP_UL      0.9     1.2     25.0    30.0    0.986154    0.990977    0.9958
2016postVFP_UL      0.9     1.2     30.0    40.0    0.991013    0.993672    0.996331
2016postVFP_UL      0.9     1.2     40.0    50.0    0.993216    0.994553    0.99589
2016postVFP_UL      0.9     1.2     50.0    60.0    0.99162     0.994732    0.997844
2016postVFP_UL      0.9     1.2     60.0    120.0   0.978263    0.98869     0.999118
2016postVFP_UL      0.9     1.2     120.0   1500.0  0.978263    0.98869     0.999118
2016postVFP_UL      1.2     2.1     15.0    20.0    0.855539    0.980429    1.105319
2016postVFP_UL      1.2     2.1     20.0    25.0    0.949612    0.975227    1.000841
2016postVFP_UL      1.2     2.1     25.0    30.0    0.982539    0.99013     0.99772
2016postVFP_UL      1.2     2.1     30.0    40.0    0.990319    0.9934      0.996481
2016postVFP_UL      1.2     2.1     40.0    50.0    0.993856    0.995259    0.996662
2016postVFP_UL      1.2     2.1     50.0    60.0    0.990737    0.994499    0.998261
2016postVFP_UL      1.2     2.1     60.0    120.0   0.98641     0.991445    0.99648
2016postVFP_UL      1.2     2.1     120.0   1500.0  0.98641     0.991445    0.99648
2016postVFP_UL      2.1     2.4     15.0    20.0    0.921562    0.959475    0.997388
2016postVFP_UL      2.1     2.4     20.0    25.0    0.931623    0.954922    0.97822
2016postVFP_UL      2.1     2.4     25.0    30.0    0.957359    0.968417    0.979476
2016postVFP_UL      2.1     2.4     30.0    40.0    0.967653    0.972859    0.978065
2016postVFP_UL      2.1     2.4     40.0    50.0    0.969482    0.973949    0.978415
2016postVFP_UL      2.1     2.4     50.0    60.0    0.957952    0.968894    0.979835
2016postVFP_UL      2.1     2.4     60.0    120.0   0.93025     0.952953    0.975656
2016postVFP_UL      2.1     2.4     120.0   1500.0  0.93025     0.952953    0.975656
2016preVFP_UL       0.0     0.9     15.0    20.0    0.871674    1.020605    1.169537
2016preVFP_UL       0.0     0.9     20.0    25.0    0.934006    1.010906    1.087806
2016preVFP_UL       0.0     0.9     25.0    30.0    0.991137    0.998001    1.004865
2016preVFP_UL       0.0     0.9     30.0    40.0    0.993582    0.99506     0.996538
2016preVFP_UL       0.0     0.9     40.0    50.0    0.995365    0.995985    0.996605
2016preVFP_UL       0.0     0.9     50.0    60.0    0.992429    0.994591    0.996754
2016preVFP_UL       0.0     0.9     60.0    120.0   0.985879    0.989874    0.993868
2016preVFP_UL       0.0     0.9     120.0   1500.0  0.985879    0.989874    0.993868
2016preVFP_UL       0.9     1.2     15.0    20.0    0.921667    1.042526    1.163386
2016preVFP_UL       0.9     1.2     20.0    25.0    0.971087    0.979861    0.988635
2016preVFP_UL       0.9     1.2     25.0    30.0    0.978172    0.98673     0.995288
2016preVFP_UL       0.9     1.2     30.0    40.0    0.987184    0.991222    0.99526
2016preVFP_UL       0.9     1.2     40.0    50.0    0.993303    0.994215    0.995128
2016preVFP_UL       0.9     1.2     50.0    60.0    0.987221    0.991383    0.995545
2016preVFP_UL       0.9     1.2     60.0    120.0   0.984298    0.991225    0.998153
2016preVFP_UL       0.9     1.2     120.0   1500.0  0.984298    0.991225    0.998153
2016preVFP_UL       1.2     2.1     15.0    20.0    0.836378    0.962012    1.087646
2016preVFP_UL       1.2     2.1     20.0    25.0    0.921754    0.962801    1.003848
2016preVFP_UL       1.2     2.1     25.0    30.0    0.973031    0.982414    0.991796
2016preVFP_UL       1.2     2.1     30.0    40.0    0.985826    0.990317    0.994808
2016preVFP_UL       1.2     2.1     40.0    50.0    0.99262     0.994013    0.995407
2016preVFP_UL       1.2     2.1     50.0    60.0    0.986054    0.990678    0.995302
2016preVFP_UL       1.2     2.1     60.0    120.0   0.963937    0.98104     0.998143
2016preVFP_UL       1.2     2.1     120.0   1500.0  0.963937    0.98104     0.998143
2016preVFP_UL       2.1     2.4     15.0    20.0    0.880317    0.934165    0.988013
2016preVFP_UL       2.1     2.4     20.0    25.0    0.923992    0.949628    0.975265
2016preVFP_UL       2.1     2.4     25.0    30.0    0.949574    0.962241    0.974908
2016preVFP_UL       2.1     2.4     30.0    40.0    0.963937    0.969476    0.975015
2016preVFP_UL       2.1     2.4     40.0    50.0    0.969701    0.972255    0.974809
2016preVFP_UL       2.1     2.4     50.0    60.0    0.959562    0.967774    0.975987
2016preVFP_UL       2.1     2.4     60.0    120.0   0.923713    0.947214    0.970714
2016preVFP_UL       2.1     2.4     120.0   1500.0  0.923713    0.947214    0.970714
2017_UL             0.0     0.9     15.0    20.0    0.842817    0.932142    1.021466
2017_UL             0.0     0.9     20.0    25.0    0.976634    0.988292    0.999949
2017_UL             0.0     0.9     25.0    30.0    0.988862    0.991923    0.994984
2017_UL             0.0     0.9     30.0    40.0    0.993958    0.994709    0.995461
2017_UL             0.0     0.9     40.0    50.0    0.994496    0.994865    0.995235
2017_UL             0.0     0.9     50.0    60.0    0.993039    0.99426     0.995482
2017_UL             0.0     0.9     60.0    120.0   0.991808    0.99341     0.995012
2017_UL             0.0     0.9     120.0   1500.0  0.991808    0.99341     0.995012
2017_UL             0.9     1.2     15.0    20.0    0.989767    1.037471    1.085175
2017_UL             0.9     1.2     20.0    25.0    0.976123    0.991096    1.006069
2017_UL             0.9     1.2     25.0    30.0    0.981712    0.990989    1.000265
2017_UL             0.9     1.2     30.0    40.0    0.991656    0.994689    0.997721
2017_UL             0.9     1.2     40.0    50.0    0.994819    0.995317    0.995814
2017_UL             0.9     1.2     50.0    60.0    0.992679    0.994594    0.996509
2017_UL             0.9     1.2     60.0    120.0   0.987706    0.99174     0.995775
2017_UL             0.9     1.2     120.0   1500.0  0.987706    0.99174     0.995775
2017_UL             1.2     2.1     15.0    20.0    0.911319    0.995199    1.079079
2017_UL             1.2     2.1     20.0    25.0    0.960947    0.974119    0.987292
2017_UL             1.2     2.1     25.0    30.0    0.983721    0.98845     0.993178
2017_UL             1.2     2.1     30.0    40.0    0.991535    0.99289     0.994245
2017_UL             1.2     2.1     40.0    50.0    0.993117    0.994048    0.99498
2017_UL             1.2     2.1     50.0    60.0    0.990715    0.992611    0.994507
2017_UL             1.2     2.1     60.0    120.0   0.97438     0.984236    0.994093
2017_UL             1.2     2.1     120.0   1500.0  0.97438     0.984236    0.994093
2017_UL             2.1     2.4     15.0    20.0    0.942042    0.969381    0.99672
2017_UL             2.1     2.4     20.0    25.0    0.932679    0.953647    0.974615
2017_UL             2.1     2.4     25.0    30.0    0.95831     0.967425    0.976539
2017_UL             2.1     2.4     30.0    40.0    0.970391    0.973009    0.975627
2017_UL             2.1     2.4     40.0    50.0    0.971098    0.973679    0.976259
2017_UL             2.1     2.4     50.0    60.0    0.961981    0.968991    0.976001
2017_UL             2.1     2.4     60.0    120.0   0.94377     0.961057    0.978344
2017_UL             2.1     2.4     120.0   1500.0  0.94377     0.961057    0.978344
2018_UL             0.0     0.9     15.0    20.0    0.9136      1.000716    1.087833
2018_UL             0.0     0.9     20.0    25.0    0.955289    0.985429    1.01557
2018_UL             0.0     0.9     25.0    30.0    0.981908    0.994007    1.006106
2018_UL             0.0     0.9     30.0    40.0    0.994804    0.996005    0.997205
2018_UL             0.0     0.9     40.0    50.0    0.995734    0.996226    0.996717
2018_UL             0.0     0.9     50.0    60.0    0.995012    0.996181    0.997349
2018_UL             0.0     0.9     60.0    120.0   0.990454    0.993132    0.99581
2018_UL             0.0     0.9     120.0   1500.0  0.990454    0.993132    0.99581
2018_UL             0.9     1.2     15.0    20.0    0.984841    1.040208    1.095575
2018_UL             0.9     1.2     20.0    25.0    0.960086    0.97695     0.993813
2018_UL             0.9     1.2     25.0    30.0    0.97347     0.988462    1.003453
2018_UL             0.9     1.2     30.0    40.0    0.991523    0.993502    0.995481
2018_UL             0.9     1.2     40.0    50.0    0.993535    0.994295    0.995055
2018_UL             0.9     1.2     50.0    60.0    0.991442    0.99377     0.996098
2018_UL             0.9     1.2     60.0    120.0   0.986019    0.990245    0.994471
2018_UL             0.9     1.2     120.0   1500.0  0.986019    0.990245    0.994471
2018_UL             1.2     2.1     15.0    20.0    0.90484     0.992797    1.080754
2018_UL             1.2     2.1     20.0    25.0    0.964021    0.977688    0.991355
2018_UL             1.2     2.1     25.0    30.0    0.978992    0.986133    0.993273
2018_UL             1.2     2.1     30.0    40.0    0.987638    0.990848    0.994059
2018_UL             1.2     2.1     40.0    50.0    0.991452    0.993038    0.994625
2018_UL             1.2     2.1     50.0    60.0    0.986571    0.990808    0.995045
2018_UL             1.2     2.1     60.0    120.0   0.973825    0.984061    0.994296
2018_UL             1.2     2.1     120.0   1500.0  0.973825    0.984061    0.994296
2018_UL             2.1     2.4     15.0    20.0    0.825538    0.940864    1.056189
2018_UL             2.1     2.4     20.0    25.0    0.913368    0.944618    0.975868
2018_UL             2.1     2.4     25.0    30.0    0.950264    0.962252    0.97424
2018_UL             2.1     2.4     30.0    40.0    0.964275    0.969713    0.975151
2018_UL             2.1     2.4     40.0    50.0    0.966934    0.970662    0.974389
2018_UL             2.1     2.4     50.0    60.0    0.960051    0.967989    0.975927
2018_UL             2.1     2.4     60.0    120.0   0.920821    0.944989    0.969157
2018_UL             2.1     2.4     120.0   1500.0  0.920821    0.944989    0.969157
Run3Summer22        0.0     0.9     15.0    20.0    0.995139    0.996595    0.99805
Run3Summer22        0.0     0.9     20.0    25.0    0.996811    0.997173    0.997536
Run3Summer22        0.0     0.9     25.0    30.0    0.997661    0.997908    0.998156
Run3Summer22        0.0     0.9     30.0    40.0    0.997479    0.99771     0.997942
Run3Summer22        0.0     0.9     40.0    50.0    0.997437    0.997588    0.99774
Run3Summer22        0.0     0.9     50.0    60.0    0.997359    0.997585    0.997812
Run3Summer22        0.0     0.9     60.0    120.0   0.997539    0.997902    0.998265
Run3Summer22        0.0     0.9     120.0   1500.0  0.994166    0.99945     1.004734
Run3Summer22        0.9     1.2     15.0    20.0    0.99338     0.995613    0.997846
Run3Summer22        0.9     1.2     20.0    25.0    0.992517    0.993278    0.994039
Run3Summer22        0.9     1.2     25.0    30.0    0.99468     0.995177    0.995673
Run3Summer22        0.9     1.2     30.0    40.0    0.994267    0.994519    0.994772
Run3Summer22        0.9     1.2     40.0    50.0    0.995153    0.995336    0.995519
Run3Summer22        0.9     1.2     50.0    60.0    0.995046    0.995605    0.996164
Run3Summer22        0.9     1.2     60.0    120.0   0.993704    0.995743    0.997781
Run3Summer22        0.9     1.2     120.0   1500.0  0.989579    0.992842    0.996105
Run3Summer22        1.2     2.1     15.0    20.0    0.991867    0.992774    0.993682
Run3Summer22        1.2     2.1     20.0    25.0    0.993115    0.993483    0.99385
Run3Summer22        1.2     2.1     25.0    30.0    0.992233    0.993049    0.993864
Run3Summer22        1.2     2.1     30.0    40.0    0.992578    0.992785    0.992992
Run3Summer22        1.2     2.1     40.0    50.0    0.993165    0.993299    0.993433
Run3Summer22        1.2     2.1     50.0    60.0    0.99293     0.99353     0.99413
Run3Summer22        1.2     2.1     60.0    120.0   0.992401    0.993034    0.993667
Run3Summer22        1.2     2.1     120.0   1500.0  0.995549    0.998645    1.00174
Run3Summer22        2.1     2.4     15.0    20.0    0.989071    0.991069    0.993067
Run3Summer22        2.1     2.4     20.0    25.0    0.979579    0.983042    0.986504
Run3Summer22        2.1     2.4     25.0    30.0    0.978019    0.980643    0.983267
Run3Summer22        2.1     2.4     30.0    40.0    0.979703    0.981386    0.983069
Run3Summer22        2.1     2.4     40.0    50.0    0.981724    0.983597    0.985471
Run3Summer22        2.1     2.4     50.0    60.0    0.983458    0.985518    0.987579
Run3Summer22        2.1     2.4     60.0    120.0   0.982701    0.984467    0.986234
Run3Summer22        2.1     2.4     120.0   1500.0  0.974367    0.984785    0.995203
Run3Summer22EE      0.0     0.9     15.0    20.0    0.996988    0.997561    0.998134
Run3Summer22EE      0.0     0.9     20.0    25.0    0.996692    0.996873    0.997054
Run3Summer22EE      0.0     0.9     25.0    30.0    0.997016    0.997211    0.997406
Run3Summer22EE      0.0     0.9     30.0    40.0    0.997208    0.997294    0.99738
Run3Summer22EE      0.0     0.9     40.0    50.0    0.99721     0.99735     0.997491
Run3Summer22EE      0.0     0.9     50.0    60.0    0.997032    0.99726     0.997488
Run3Summer22EE      0.0     0.9     60.0    120.0   0.996756    0.996944    0.997132
Run3Summer22EE      0.0     0.9     120.0   1500.0  0.995318    0.996049    0.996779
Run3Summer22EE      0.9     1.2     15.0    20.0    0.992936    0.993851    0.994767
Run3Summer22EE      0.9     1.2     20.0    25.0    0.992275    0.992968    0.993661
Run3Summer22EE      0.9     1.2     25.0    30.0    0.991882    0.992504    0.993125
Run3Summer22EE      0.9     1.2     30.0    40.0    0.99348     0.993614    0.993748
Run3Summer22EE      0.9     1.2     40.0    50.0    0.99405     0.994189    0.994329
Run3Summer22EE      0.9     1.2     50.0    60.0    0.99397     0.994205    0.994439
Run3Summer22EE      0.9     1.2     60.0    120.0   0.993861    0.994933    0.996006
Run3Summer22EE      0.9     1.2     120.0   1500.0  0.991566    0.993671    0.995777
Run3Summer22EE      1.2     2.1     15.0    20.0    0.978768    0.980269    0.98177
Run3Summer22EE      1.2     2.1     20.0    25.0    0.975234    0.976036    0.976838
Run3Summer22EE      1.2     2.1     25.0    30.0    0.977702    0.978148    0.978594
Run3Summer22EE      1.2     2.1     30.0    40.0    0.977769    0.978129    0.978488
Run3Summer22EE      1.2     2.1     40.0    50.0    0.979238    0.979372    0.979505
Run3Summer22EE      1.2     2.1     50.0    60.0    0.978883    0.979288    0.979693
Run3Summer22EE      1.2     2.1     60.0    120.0   0.977923    0.978643    0.979363
Run3Summer22EE      1.2     2.1     120.0   1500.0  0.978994    0.982365    0.985735
Run3Summer22EE      2.1     2.4     15.0    20.0    0.951041    0.954865    0.958689
Run3Summer22EE      2.1     2.4     20.0    25.0    0.949129    0.950604    0.952079
Run3Summer22EE      2.1     2.4     25.0    30.0    0.946989    0.947695    0.948401
Run3Summer22EE      2.1     2.4     30.0    40.0    0.948074    0.948659    0.949243
Run3Summer22EE      2.1     2.4     40.0    50.0    0.949788    0.950156    0.950523
Run3Summer22EE      2.1     2.4     50.0    60.0    0.951546    0.952185    0.952824
Run3Summer22EE      2.1     2.4     60.0    120.0   0.948351    0.953554    0.958758
Run3Summer22EE      2.1     2.4     120.0   1500.0  0.901989    0.932647    0.963305
Run3Summer23        0.0     0.9     15.0    20.0    0.998371    0.999326    1.000281
Run3Summer23        0.0     0.9     20.0    25.0    0.997557    0.997847    0.998137
Run3Summer23        0.0     0.9     25.0    30.0    0.998135    0.998289    0.998443
Run3Summer23        0.0     0.9     30.0    40.0    0.998055    0.998224    0.998394
Run3Summer23        0.0     0.9     40.0    50.0    0.998343    0.998482    0.998622
Run3Summer23        0.0     0.9     50.0    60.0    0.998162    0.998592    0.999023
Run3Summer23        0.0     0.9     60.0    120.0   0.997917    0.998584    0.999251
Run3Summer23        0.0     0.9     120.0   1500.0  0.996156    0.998542    1.000929
Run3Summer23        0.9     1.2     15.0    20.0    0.989969    0.991635    0.993301
Run3Summer23        0.9     1.2     20.0    25.0    0.989842    0.991196    0.992551
Run3Summer23        0.9     1.2     25.0    30.0    0.992983    0.993395    0.993808
Run3Summer23        0.9     1.2     30.0    40.0    0.993728    0.994147    0.994566
Run3Summer23        0.9     1.2     40.0    50.0    0.994625    0.9948      0.994975
Run3Summer23        0.9     1.2     50.0    60.0    0.99274     0.993448    0.994156
Run3Summer23        0.9     1.2     60.0    120.0   0.994064    0.995826    0.997588
Run3Summer23        0.9     1.2     120.0   1500.0  0.992213    0.994401    0.996589
Run3Summer23        1.2     2.1     15.0    20.0    0.981836    0.982608    0.98338
Run3Summer23        1.2     2.1     20.0    25.0    0.981349    0.984266    0.987183
Run3Summer23        1.2     2.1     25.0    30.0    0.983496    0.984072    0.984648
Run3Summer23        1.2     2.1     30.0    40.0    0.983844    0.984183    0.984522
Run3Summer23        1.2     2.1     40.0    50.0    0.984206    0.984756    0.985307
Run3Summer23        1.2     2.1     50.0    60.0    0.984834    0.985214    0.985594
Run3Summer23        1.2     2.1     60.0    120.0   0.984543    0.985442    0.986342
Run3Summer23        1.2     2.1     120.0   1500.0  0.985974    0.989518    0.993062
Run3Summer23        2.1     2.4     15.0    20.0    0.974227    0.975903    0.977579
Run3Summer23        2.1     2.4     20.0    25.0    0.973397    0.975893    0.978388
Run3Summer23        2.1     2.4     25.0    30.0    0.972398    0.976253    0.980107
Run3Summer23        2.1     2.4     30.0    40.0    0.974801    0.976564    0.978327
Run3Summer23        2.1     2.4     40.0    50.0    0.971386    0.972868    0.97435
Run3Summer23        2.1     2.4     50.0    60.0    0.970984    0.973488    0.975992
Run3Summer23        2.1     2.4     60.0    120.0   0.967592    0.970575    0.973558
Run3Summer23        2.1     2.4     120.0   1500.0  0.939458    0.99813     1.056803
Run3Summer23BPix    0.0     0.9     15.0    20.0    0.997049    0.997966    0.998883
Run3Summer23BPix    0.0     0.9     20.0    25.0    0.996232    0.996881    0.99753
Run3Summer23BPix    0.0     0.9     25.0    30.0    0.998063    0.998333    0.998602
Run3Summer23BPix    0.0     0.9     30.0    40.0    0.998305    0.998525    0.998745
Run3Summer23BPix    0.0     0.9     40.0    50.0    0.998303    0.99845     0.998597
Run3Summer23BPix    0.0     0.9     50.0    60.0    0.997644    0.997936    0.998228
Run3Summer23BPix    0.0     0.9     60.0    120.0   0.998132    0.998482    0.998833
Run3Summer23BPix    0.0     0.9     120.0   1500.0  0.998335    1.001419    1.004502
Run3Summer23BPix    0.9     1.2     15.0    20.0    0.986346    0.992061    0.997776
Run3Summer23BPix    0.9     1.2     20.0    25.0    0.993432    0.994259    0.995086
Run3Summer23BPix    0.9     1.2     25.0    30.0    0.992828    0.993884    0.99494
Run3Summer23BPix    0.9     1.2     30.0    40.0    0.9938      0.994217    0.994635
Run3Summer23BPix    0.9     1.2     40.0    50.0    0.994191    0.99455     0.994909
Run3Summer23BPix    0.9     1.2     50.0    60.0    0.994478    0.995803    0.997127
Run3Summer23BPix    0.9     1.2     60.0    120.0   0.994115    0.995451    0.996787
Run3Summer23BPix    0.9     1.2     120.0   1500.0  0.989764    0.992809    0.995853
Run3Summer23BPix    1.2     2.1     15.0    20.0    0.994615    0.996932    0.999248
Run3Summer23BPix    1.2     2.1     20.0    25.0    0.993544    0.996167    0.998789
Run3Summer23BPix    1.2     2.1     25.0    30.0    0.994942    0.995543    0.996145
Run3Summer23BPix    1.2     2.1     30.0    40.0    0.99576     0.996116    0.996471
Run3Summer23BPix    1.2     2.1     40.0    50.0    0.996115    0.996317    0.99652
Run3Summer23BPix    1.2     2.1     50.0    60.0    0.994979    0.995518    0.996058
Run3Summer23BPix    1.2     2.1     60.0    120.0   0.994551    0.995998    0.997444
Run3Summer23BPix    1.2     2.1     120.0   1500.0  0.997329    1.001548    1.005766
Run3Summer23BPix    2.1     2.4     15.0    20.0    0.994234    0.996221    0.998208
Run3Summer23BPix    2.1     2.4     20.0    25.0    0.989823    0.993689    0.997555
Run3Summer23BPix    2.1     2.4     25.0    30.0    0.989147    0.990316    0.991485
Run3Summer23BPix    2.1     2.4     30.0    40.0    0.988142    0.988811    0.989479
Run3Summer23BPix    2.1     2.4     40.0    50.0    0.989576    0.99019     0.990804
Run3Summer23BPix    2.1     2.4     50.0    60.0    0.985664    0.987436    0.989207
Run3Summer23BPix    2.1     2.4     60.0    120.0   0.985354    0.991249    0.997145
Run3Summer23BPix    2.1     2.4     120.0   1500.0  0.989098    1.014767    1.040436
