2016postVFP_UL      0.0     0.9     15.0    20.0    0.977739    0.989664    1.001588
2016postVFP_UL      0.0     0.9     20.0    25.0    0.984609    0.994829    1.005048
2016postVFP_UL      0.0     0.9     25.0    30.0    0.985503    0.991511    0.997518
2016postVFP_UL      0.0     0.9     30.0    40.0    0.994713    0.995604    0.996496
2016postVFP_UL      0.0     0.9     40.0    50.0    0.996558    0.996983    0.997408
2016postVFP_UL      0.0     0.9     50.0    60.0    0.996721    0.997197    0.997674
2016postVFP_UL      0.0     0.9     60.0    120.0   0.998471    0.99902     0.999568
2016postVFP_UL      0.0     0.9     120.0   1500.0  0.998471    0.99902     0.999568
2016postVFP_UL      0.9     1.2     15.0    20.0    0.990561    1.001993    1.013426
2016postVFP_UL      0.9     1.2     20.0    25.0    0.992233    1.000374    1.008516
2016postVFP_UL      0.9     1.2     25.0    30.0    0.996194    1.003366    1.010538
2016postVFP_UL      0.9     1.2     30.0    40.0    0.999712    1.000551    1.001389
2016postVFP_UL      0.9     1.2     40.0    50.0    0.99753     0.997945    0.99836
2016postVFP_UL      0.9     1.2     50.0    60.0    0.998563    0.999615    1.000666
2016postVFP_UL      0.9     1.2     60.0    120.0   0.999056    1.000043    1.00103
2016postVFP_UL      0.9     1.2     120.0   1500.0  0.999056    1.000043    1.00103
2016postVFP_UL      1.2     2.1     15.0    20.0    0.996508    1.003302    1.010095
2016postVFP_UL      1.2     2.1     20.0    25.0    1.001241    1.007046    1.012852
2016postVFP_UL      1.2     2.1     25.0    30.0    1.000891    1.005174    1.009456
2016postVFP_UL      1.2     2.1     30.0    40.0    1.000432    1.001592    1.002752
2016postVFP_UL      1.2     2.1     40.0    50.0    0.999639    0.999832    1.000024
2016postVFP_UL      1.2     2.1     50.0    60.0    0.9984      0.998874    0.999348
2016postVFP_UL      1.2     2.1     60.0    120.0   0.999341    0.999879    1.000416
2016postVFP_UL      1.2     2.1     120.0   1500.0  0.999341    0.999879    1.000416
2016postVFP_UL      2.1     2.4     15.0    20.0    1.007843    1.013776    1.01971
2016postVFP_UL      2.1     2.4     20.0    25.0    1.006456    1.010786    1.015115
2016postVFP_UL      2.1     2.4     25.0    30.0    1.001327    1.004284    1.007241
2016postVFP_UL      2.1     2.4     30.0    40.0    1.002245    1.00315     1.004055
2016postVFP_UL      2.1     2.4     40.0    50.0    1.00058     1.001092    1.001605
2016postVFP_UL      2.1     2.4     50.0    60.0    0.999851    1.001071    1.002292
2016postVFP_UL      2.1     2.4     60.0    120.0   0.999514    1.000795    1.002076
2016postVFP_UL      2.1     2.4     120.0   1500.0  0.999514    1.000795    1.002076
2016preVFP_UL       0.0     0.9     15.0    20.0    0.972646    0.985422    0.998198
2016preVFP_UL       0.0     0.9     20.0    25.0    0.976615    0.987327    0.99804
2016preVFP_UL       0.0     0.9     25.0    30.0    0.975301    0.985757    0.996213
2016preVFP_UL       0.0     0.9     30.0    40.0    0.991254    0.993049    0.994844
2016preVFP_UL       0.0     0.9     40.0    50.0    0.995926    0.996407    0.996888
2016preVFP_UL       0.0     0.9     50.0    60.0    0.996311    0.996877    0.997442
2016preVFP_UL       0.0     0.9     60.0    120.0   0.998302    0.998679    0.999055
2016preVFP_UL       0.0     0.9     120.0   1500.0  0.998302    0.998679    0.999055
2016preVFP_UL       0.9     1.2     15.0    20.0    0.970235    0.980148    0.990061
2016preVFP_UL       0.9     1.2     20.0    25.0    0.977092    0.987034    0.996976
2016preVFP_UL       0.9     1.2     25.0    30.0    0.989617    0.996132    1.002648
2016preVFP_UL       0.9     1.2     30.0    40.0    0.994719    0.996355    0.997991
2016preVFP_UL       0.9     1.2     40.0    50.0    0.996705    0.997037    0.997369
2016preVFP_UL       0.9     1.2     50.0    60.0    0.996356    0.997158    0.997959
2016preVFP_UL       0.9     1.2     60.0    120.0   0.99748     0.998847    1.000215
2016preVFP_UL       0.9     1.2     120.0   1500.0  0.99748     0.998847    1.000215
2016preVFP_UL       1.2     2.1     15.0    20.0    0.990947    0.997244    1.003541
2016preVFP_UL       1.2     2.1     20.0    25.0    0.991225    0.996751    1.002277
2016preVFP_UL       1.2     2.1     25.0    30.0    0.997591    1.001137    1.004683
2016preVFP_UL       1.2     2.1     30.0    40.0    0.997571    0.998863    1.000154
2016preVFP_UL       1.2     2.1     40.0    50.0    0.99857     0.99877     0.998969
2016preVFP_UL       1.2     2.1     50.0    60.0    0.997943    0.998385    0.998827
2016preVFP_UL       1.2     2.1     60.0    120.0   0.999181    0.999575    0.99997
2016preVFP_UL       1.2     2.1     120.0   1500.0  0.999181    0.999575    0.99997
2016preVFP_UL       2.1     2.4     15.0    20.0    1.002362    1.007311    1.01226
2016preVFP_UL       2.1     2.4     20.0    25.0    0.999186    1.00367     1.008154
2016preVFP_UL       2.1     2.4     25.0    30.0    1.002254    1.005059    1.007863
2016preVFP_UL       2.1     2.4     30.0    40.0    0.999483    1.000355    1.001227
2016preVFP_UL       2.1     2.4     40.0    50.0    1.000591    1.000952    1.001313
2016preVFP_UL       2.1     2.4     50.0    60.0    0.998914    0.999808    1.000701
2016preVFP_UL       2.1     2.4     60.0    120.0   0.99953     1.000566    1.001603
2016preVFP_UL       2.1     2.4     120.0   1500.0  0.99953     1.000566    1.001603
2017_UL             0.0     0.9     15.0    20.0    0.98211     0.994782    1.007455
2017_UL             0.0     0.9     20.0    25.0    0.990247    1.001694    1.013142
2017_UL             0.0     0.9     25.0    30.0    0.989437    0.99717     1.004903
2017_UL             0.0     0.9     30.0    40.0    0.995831    0.997361    0.998891
2017_UL             0.0     0.9     40.0    50.0    0.997635    0.997806    0.997978
2017_UL             0.0     0.9     50.0    60.0    0.997145    0.997829    0.998514
2017_UL             0.0     0.9     60.0    120.0   0.998231    0.998653    0.999074
2017_UL             0.0     0.9     120.0   1500.0  0.998231    0.998653    0.999074
2017_UL             0.9     1.2     15.0    20.0    1.007859    1.018399    1.02894
2017_UL             0.9     1.2     20.0    25.0    0.988112    1.003883    1.019655
2017_UL             0.9     1.2     25.0    30.0    0.999827    1.007545    1.015262
2017_UL             0.9     1.2     30.0    40.0    1.001231    1.002008    1.002786
2017_UL             0.9     1.2     40.0    50.0    0.99723     0.9992      1.001171
2017_UL             0.9     1.2     50.0    60.0    0.998235    0.998833    0.999432
2017_UL             0.9     1.2     60.0    120.0   0.999509    1.000294    1.001079
2017_UL             0.9     1.2     120.0   1500.0  0.999509    1.000294    1.001079
2017_UL             1.2     2.1     15.0    20.0    1.021958    1.028437    1.034915
2017_UL             1.2     2.1     20.0    25.0    1.016267    1.023195    1.030123
2017_UL             1.2     2.1     25.0    30.0    1.009502    1.013922    1.018343
2017_UL             1.2     2.1     30.0    40.0    1.005892    1.006437    1.006982
2017_UL             1.2     2.1     40.0    50.0    1.002296    1.002494    1.002691
2017_UL             1.2     2.1     50.0    60.0    1.000711    1.001047    1.001384
2017_UL             1.2     2.1     60.0    120.0   1.000034    1.00045     1.000865
2017_UL             1.2     2.1     120.0   1500.0  1.000034    1.00045     1.000865
2017_UL             2.1     2.4     15.0    20.0    1.023704    1.030022    1.03634
2017_UL             2.1     2.4     20.0    25.0    1.018961    1.024066    1.029171
2017_UL             2.1     2.4     25.0    30.0    1.012109    1.015612    1.019116
2017_UL             2.1     2.4     30.0    40.0    1.005513    1.006077    1.006642
2017_UL             2.1     2.4     40.0    50.0    1.001871    1.002661    1.003451
2017_UL             2.1     2.4     50.0    60.0    0.999682    1.000546    1.00141
2017_UL             2.1     2.4     60.0    120.0   0.999463    1.000556    1.001649
2017_UL             2.1     2.4     120.0   1500.0  0.999463    1.000556    1.001649
2018_UL             0.0     0.9     15.0    20.0    0.9726      0.985571    0.998542
2018_UL             0.0     0.9     20.0    25.0    0.97987     0.991537    1.003205
2018_UL             0.0     0.9     25.0    30.0    0.981927    0.98928     0.996634
2018_UL             0.0     0.9     30.0    40.0    0.993023    0.994293    0.995563
2018_UL             0.0     0.9     40.0    50.0    0.995832    0.996038    0.996244
2018_UL             0.0     0.9     50.0    60.0    0.995749    0.996612    0.997475
2018_UL             0.0     0.9     60.0    120.0   0.997929    0.998251    0.998574
2018_UL             0.0     0.9     120.0   1500.0  0.997929    0.998251    0.998574
2018_UL             0.9     1.2     15.0    20.0    0.958652    0.970431    0.982209
2018_UL             0.9     1.2     20.0    25.0    0.970074    0.979496    0.988917
2018_UL             0.9     1.2     25.0    30.0    0.978848    0.98611     0.993372
2018_UL             0.9     1.2     30.0    40.0    0.987214    0.98828     0.989346
2018_UL             0.9     1.2     40.0    50.0    0.991712    0.992032    0.992351
2018_UL             0.9     1.2     50.0    60.0    0.993888    0.99445     0.995013
2018_UL             0.9     1.2     60.0    120.0   0.995106    0.996483    0.99786
2018_UL             0.9     1.2     120.0   1500.0  0.995106    0.996483    0.99786
2018_UL             1.2     2.1     15.0    20.0    0.997796    1.003336    1.008875
2018_UL             1.2     2.1     20.0    25.0    0.995428    1.001535    1.007642
2018_UL             1.2     2.1     25.0    30.0    0.995613    0.999623    1.003634
2018_UL             1.2     2.1     30.0    40.0    0.999028    0.999436    0.999843
2018_UL             1.2     2.1     40.0    50.0    0.998672    0.998821    0.99897
2018_UL             1.2     2.1     50.0    60.0    0.998563    0.999185    0.999808
2018_UL             1.2     2.1     60.0    120.0   0.99916     0.999517    0.999874
2018_UL             1.2     2.1     120.0   1500.0  0.99916     0.999517    0.999874
2018_UL             2.1     2.4     15.0    20.0    1.021021    1.025254    1.029488
2018_UL             2.1     2.4     20.0    25.0    1.016796    1.019842    1.022888
2018_UL             2.1     2.4     25.0    30.0    1.01039     1.012454    1.014518
2018_UL             2.1     2.4     30.0    40.0    1.007402    1.008065    1.008728
2018_UL             2.1     2.4     40.0    50.0    1.003405    1.003729    1.004053
2018_UL             2.1     2.4     50.0    60.0    1.002102    1.002846    1.00359
2018_UL             2.1     2.4     60.0    120.0   1.001259    1.002989    1.004718
2018_UL             2.1     2.4     120.0   1500.0  1.001259    1.002989    1.004718
